      4039         0  53.08835  55.62408
      4040         0  53.29440  56.19775
      4041         0  53.49876  56.77585
      4042         0  53.70141  57.35843
      4043         0  53.90231  57.94556
      4044         0  54.10143  58.53726
      4045         0  54.29871  59.13351
      4046         0  54.49414  59.73444
      4047         0  54.68769  60.34006
      4048         0  54.87930  60.95038
      4049         0  55.06896  61.56546
      4050         0  55.25661  62.18530
      4051         0  55.44221  62.80997
      4052         0  55.62575  63.43945
      4053         0  55.80716  64.07379
      4054         0  55.98642  64.71301
      4055         0  56.16349  65.35718
      4056         0  56.33832  66.00623
      4057         0  56.51086  66.66016
      4058         0  56.68111  67.31912
      4059         0  56.84901  67.98303
      4060         0  57.01451  68.65189
      4061         0  57.17758  69.32574
      4062         0  57.33817  70.00458
      4063         0  57.49625  70.68839
      4064         0  57.65177  71.37714
      4065         0  57.80471  72.07092
      4066         0  57.95499  72.76959
      4067         0  58.10260  73.47321
      4068         0  58.24749  74.18173
      4069         0  58.38962  74.89514
      4070         0  58.52893  75.61337
      4071         0  58.66541  76.33649
      4072         0  58.79901  77.06439
      4073         0  58.92969  77.79706
      4074         0  59.05739  78.53442
      4075         0  59.18210  79.27646
      4076         0  59.30376  80.02310
      4077         0  59.42233  80.77426
      4078         0  59.53778  81.52991
      4079         0  59.65006  82.28995
      4080         0  59.75915  83.05435
      4081         0  59.86500  83.82300
      4082         0  59.96757  84.59576
      4083         0  60.06683  85.37265
      4084         0  60.16275  86.15356
      4085         0  60.25529  86.93835
      4086         0  60.34441  87.72690
      4087         0  60.43008  88.51913
      4088         0  60.51228  89.31494
      4089         0  60.59096  90.11420
      4090         0  60.66610  90.91675
      4091         0  60.73767  91.72247
      4092         0  60.80564  92.53131
      4093         0  60.86997  93.34299
      4094         0  60.93067  94.15750
      4095         0  60.98768  94.97455
      4096         0  61.04100  95.79422
      4097         0  61.09060  96.61615
      4098         0  61.13645  97.44022
      4099         0  61.17854  98.26636
      4100         0  61.21687  99.09442
      4101         0  61.25138  99.92392
      4102         0  61.28210 100.75525
      4103         0  61.30899 101.58768
      4104         0  61.33204 102.42123
      4105         0  61.35126 103.25592
      4106         0  61.36662 104.09134
      4107         0  61.37813 104.92746
      4108         0  61.38578 105.76425
      4109         0  61.38956 106.60190
      4110         0  61.38947 107.43655
      4111         0  61.38552 108.27396
      4112         0  61.37770 109.11044
      4113         0  61.36602 109.94644
      4114         0  61.35048 110.78180
      4115         0  61.33109 111.61652
      4116         0  61.30785 112.45013
      4117         0  61.28078 113.28265
      4118         0  61.24990 114.11374
      4119         0  61.21521 114.94324
      4120         0  61.17672 115.77112
      4121         0  61.13445 116.59723
      4122         0  61.08843 117.42114
      4123         0  61.03866 118.24304
      4124         0  60.98517 119.06259
      4125         0  60.92799 119.87958
      4126         0  60.86713 120.69394
      4127         0  60.80263 121.50552
      4128         0  60.73449 122.31421
      4129         0  60.66277 123.11975
      4130         0  60.58746 123.92218
      4131         0  60.50861 124.72131
      4132         0  60.42627 125.51688
      4133         0  60.34044 126.30893
      4134         0  60.25116 127.09735
      4135         0  60.15847 127.88193
      4136         0  60.06240 128.66266
      4137         0  59.96299 129.43936
      4138         0  59.86027 130.21201
      4139         0  59.75427 130.98044
      4140         0  59.64503 131.74466
      4141         0  59.53260 132.50452
      4142         0  59.41701 133.25998
      4143         0  59.29830 134.01093
      4144         0  59.17649 134.75735
      4145         0  59.05167 135.49911
      4146         0  58.92382 136.23627
      4147         0  58.79301 136.96872
      4148         0  58.65929 137.69641
      4149         0  58.52267 138.41931
      4150         0  58.38322 139.13736
      4151         0  58.24097 139.85056
      4152         0  58.09595 140.55887
      4153         0  57.94822 141.26230
      4154         0  57.79782 141.96072
      4155         0  57.64476 142.65424
      4156         0  57.48912 143.34277
      4157         0  57.33094 144.02634
      4158         0  57.17024 144.70493
      4159         0  57.00706 145.37854
      4160         0  56.84144 146.04721
      4161         0  56.67344 146.71088
      4162         0  56.50309 147.36960
      4163         0  56.33042 148.02338
      4164         0  56.15549 148.67221
      4165         0  55.97832 149.31613
      4166         0  55.79896 149.95514
      4167         0  55.61745 150.58926
      4168         0  55.43383 151.21851
      4169         0  55.24813 151.84296
      4170         0  55.06039 152.46252
      4171         0  54.87065 153.07739
      4172         0  54.67895 153.68750
      4173         0  54.48531 154.29291
      4174         0  54.28979 154.89362
      4175         0  54.09242 155.48975
      4176         0  53.89322 156.08118
      4177         0  53.69225 156.66809
      4178         0  53.48951 157.25049
      4179         0  53.28507 157.82843
      4180         0  53.07895 158.40186
      4181         0  52.87118 158.97095
      4182         0  52.66181 159.53558
      4183         0  52.45085 160.09601
      4184         0  53.87378 123.86761
      4185         0  53.72134 120.94196
      4186         0  53.65597 121.64252
      4187         0  53.58747 122.34116
      4188         0  53.51587 123.03766
      4189         0  53.36340 124.42441
      4190         0  53.28259 125.11441
      4191         0  53.19875 125.80206
      4192         0  53.34813 120.13306
      4193         0  52.68165 126.33466
      4194         0  52.91260 120.02875
      4195         0  52.16272 126.85822
      4196         0  52.47698 119.92657
      4197         0  51.64199 127.37305
      4198         0  52.04128 119.82639
      4199         0  51.21247 127.21991
      4200         0  51.60549 119.72812
      4201         0  50.69047 127.72467
      4202         0  51.16962 119.63171
      4203         0  50.16676 128.22125
      4204         0  50.78965 118.86880
      4205         0  49.73796 128.06796
      4206         0  49.64139 128.70999
      4207         0  49.54207 129.34973
      4208         0  49.44001 129.98712
      4209         0  49.33526 130.62210
      4210         0  48.65117 134.37997
      4211         0  49.40629  86.75198
      4212         0  49.49654  87.39438
      4213         0  50.35321 118.78076
      4214         0  48.80225 131.08429
      4215         0  48.34907 133.57495
      4216         0  48.10708 134.80515
      4217         0  48.78890  85.62555
      4218         0  48.88404  86.25958
      4219         0  49.15292  88.17429
      4220         0  50.06425 116.71008
      4221         0  50.01808 117.37268
      4222         0  49.96890 118.03412
      4223         0  48.37643 130.91675
      4224         0  48.15649 132.15967
      4225         0  48.04261 132.77750
      4226         0  47.56172 135.22406
      4227         0  48.26291  85.14688
      4228         0  48.72170  88.30743
      4229         0  49.66946 115.98026
      4230         0  47.84241 131.37094
      4231         0  47.26404 134.43027
      4232         0  47.42174  82.82257
      4233         0  47.52889  83.43805
      4234         0  47.83460  85.29755
      4235         0  48.37323  89.07227
      4236         0  49.23150 115.91525
      4237         0  46.84207 134.24728
      4238         0  46.88683  82.37585
      4239         0  47.20623  84.21136
      4240         0  47.30747  84.82748
      4241         0  47.40608  85.44574
      4242         0  48.02073  89.82861
      4243         0  48.79349 115.85147
      4244         0  46.41982 134.06714
      4245         0  46.46142  82.53961
      4246         0  47.66425  90.57654
      4247         0  48.39444 115.14264
      4248         0  45.99728 133.88977
      4249         0  45.92555  82.10031
      4250         0  47.23088  90.68906
      4251         0  47.95609 115.08545
      4252         0  47.73334 118.28424
      4253         0  45.57448 133.71509
      4254         0  45.15678  80.48376
      4255         0  45.27378  81.07449
      4256         0  45.38832  81.66742
      4257         0  45.50037  82.26245
      4258         0  46.86991  91.42273
      4259         0  47.47927 115.66653
      4260         0  47.43792 116.30298
      4261         0  47.39367 116.93845
      4262         0  47.34652 117.57291
      4263         0  47.24360 118.83865
      4264         0  47.18785 119.46973
      4265         0  45.15141 133.54303
      4266         0  44.61470  80.06772
      4267         0  46.43586  91.52777
      4268         0  46.90928 117.50055
      4269         0  46.85960 118.12973
      4270         0  46.80706 118.75787
      4271         0  46.75168 119.38480
      4272         0  44.95847 132.19644
      4273         0  44.84451 132.78601
      4274         0  44.19180  80.23773
      4275         0  45.93015  91.01602
      4276         0  46.51851 116.80328
      4277         0  44.64436 131.44720
      4278         0  43.76865  80.40533
      4279         0  45.49637  91.12161
      4280         0  46.12425 116.11441
      4281         0  44.10838 131.87729
      4282         0  43.34526  80.57056
      4283         0  45.13313  91.83307
      4284         0  45.20105  92.44193
      4285         0  45.26625  93.05206
      4286         0  45.32870  93.66348
      4287         0  45.76397 114.81342
      4288         0  45.72655 115.43387
      4289         0  43.68301 131.72113
      4290         0  42.80326  80.16229
      4291         0  44.95236  94.35956
      4292         0  45.44584 112.28937
      4293         0  45.35981 114.14450
      4294         0  43.25743 131.56717
      4295         0  42.01301  78.63300
      4296         0  42.13768  79.19531
      4297         0  42.26004  79.75961
      4298         0  44.57246  95.04782
      4299         0  45.02937 111.63904
      4300         0  44.98087 112.86935
      4301         0  44.95237 113.48364
      4302         0  42.83165 131.41537
      4303         0  40.37590  73.85889
      4304         0  40.51962  74.39987
      4305         0  40.66123  74.94299
      4306         0  40.80070  75.48822
      4307         0  41.07317  76.58490
      4308         0  41.20613  77.13635
      4309         0  41.33687  77.68985
      4310         0  41.46538  78.24536
      4311         0  44.18905  95.72833
      4312         0  44.60976 110.99689
      4313         0  42.61847 130.11826
      4314         0  42.51328 130.69284
      4315         0  39.81563  73.51291
      4316         0  40.51991  76.21634
      4317         0  43.75214  95.80063
      4318         0  44.17015 110.97089
      4319         0  42.29322 129.40341
      4320         0  39.25446  73.17133
      4321         0  43.36494  96.46869
      4322         0  43.71093 111.54929
      4323         0  41.96418 128.69498
      4324         0  38.84010  73.36191
      4325         0  42.92763  96.53528
      4326         0  42.97437  97.12933
      4327         0  43.01841  97.72418
      4328         0  43.05973  98.31982
      4329         0  43.09834  98.91620
      4330         0  43.16734 100.11090
      4331         0  43.29092 110.92017
      4332         0  41.53528 128.56329
      4333         0  38.42544  73.55029
      4334         0  42.69556  99.56049
      4335         0  42.75869 100.74893
      4336         0  42.78615 101.34402
      4337         0  42.81088 101.93951
      4338         0  42.90962 107.31152
      4339         0  42.90680 107.90979
      4340         0  42.90121 108.50702
      4341         0  42.89287 109.10440
      4342         0  42.88176 109.70175
      4343         0  42.86790 110.29865
      4344         0  41.38549 126.72702
      4345         0  41.29487 127.29733
      4346         0  41.20179 127.86609
      4347         0  38.15471  74.26196
      4348         0  42.39335 102.56354
      4349         0  42.41248 103.15622
      4350         0  42.46700 106.12286
      4351         0  42.46969 106.71814
      4352         0  40.95470 126.60806
      4353         0  37.73875  74.44388
      4354         0  41.98912 103.76941
      4355         0  42.00267 104.35886
      4356         0  42.01352 104.94852
      4357         0  42.02163 105.53860
      4358         0  40.61091 125.92514
      4359         0  37.32251  74.62375
      4360         0  40.78253 121.26743
      4361         0  40.71599 121.83966
      4362         0  40.26354 125.24857
      4363         0  36.90601  74.80164
      4364         0  40.41099 120.61151
      4365         0  40.28124 121.75049
      4366         0  39.91263 124.57831
      4367         0  36.62864  75.49597
      4368         0  40.03609 119.96222
      4369         0  39.91219 121.09671
      4370         0  39.63403 123.35306
      4371         0  39.55824 123.91434
      4372         0  36.21094  75.66782
      4373         0  39.60011 119.88501
      4374         0  39.47694 121.01297
      4375         0  39.27327 122.69736
      4376         0  35.79299  75.83786
      4377         0  39.22152 119.24658
      4378         0  39.04162 120.93030
      4379         0  38.90911 122.04797
      4380         0  35.51014  76.51950
      4381         0  38.89172 118.05396
      4382         0  38.83968 118.61459
      4383         0  38.54161 121.40485
      4384         0  35.22371  77.19662
      4385         0  35.35429  77.71106
      4386         0  38.45465 117.98907
      4387         0  38.40291 118.54651
      4388         0  38.34864 119.10318
      4389         0  38.17082 120.76794
      4390         0  34.93372  77.86917
      4391         0  37.85570 119.58542
      4392         0  37.79676 120.13724
      4393         0  37.67144 121.23825
      4394         0  37.60508 121.78732
      4395         0  37.53627 122.33545
      4396         0  34.51294  78.02567
      4397         0  37.47561 118.96317
      4398         0  37.41948 119.51276
      4399         0  37.03099 122.79175
      4400         0  34.21856  78.68973
      4401         0  36.73540 121.61859
      4402         0  36.66736 122.16077
      4403         0  33.67078  78.33398
      4404         0  36.36573 120.99554
      4405         0  33.24943  78.48587
      4406         0  35.99287 120.37836
      4407         0  32.82788  78.63629
      4408         0  32.95265  79.13870
      4409         0  35.61686 119.76703
      4410         0  32.27996  78.28650
      4411         0  35.18075 119.69543
      4412         0  31.85867  78.43631
      4413         0  34.74460 119.62460
      4414         0  34.68552 120.15482
      4415         0  31.43721  78.58475
      4416         0  34.18853 120.60855
      4417         0  31.01558  78.73187
      4418         0  33.75295 120.53354
      4419         0  30.71760  79.36783
      4420         0  30.83939  79.85922
      4421         0  33.25452 120.97961
      4422         0  30.41627  79.99948
      4423         0  32.75439 121.42020
      4424         0  30.11163  80.62689
      4425         0  30.34282  81.60733
      4426         0  32.25262 121.85532
      4427         0  29.80370  81.25000
      4428         0  30.02970  82.22839
      4429         0  31.74921 122.28513
      4430         0  29.60394  82.35635
      4431         0  31.31479 122.20319
      4432         0  29.28691  82.96973
      4433         0  30.88032 122.12201
      4434         0  28.96666  83.57870
      4435         0  29.07088  84.06516
      4436         0  30.51339 121.53949
      4437         0  30.44579 122.04160
      4438         0  28.64322  84.18326
      4439         0  29.94174 122.46063
      4440         0  28.31661  84.78342
      4441         0  29.50747 122.37909
      4442         0  27.98686  85.37915
      4443         0  29.14193 121.80447
      4444         0  27.65398  85.97043
      4445         0  27.74797  86.45181
      4446         0  27.83987  86.93411
      4447         0  28.70721 121.72675
      4448         0  27.49882  87.51816
      4449         0  27.58609  87.99994
      4450         0  27.67124  88.48257
      4451         0  27.83519  89.45038
      4452         0  27.91397  89.93549
      4453         0  27.99060  90.42139
      4454         0  28.27246 121.64969
      4455         0  27.23947  88.57803
      4456         0  27.40260  89.54114
      4457         0  27.63133  90.99167
      4458         0  27.70328  91.47668
      4459         0  27.90319 121.08621
      4460         0  26.88985  89.15158
      4461         0  27.33855  92.04056
      4462         0  27.70953  94.95410
      4463         0  27.76369  95.44180
      4464         0  27.81564  95.93002
      4465         0  27.86537  96.41882
      4466         0  27.95817  97.39783
      4467         0  28.00122  97.88803
      4468         0  27.46802 121.01282
      4469         0  26.83491  91.63715
      4470         0  27.15874  94.04825
      4471         0  27.21700  94.53232
      4472         0  27.47538  96.96097
      4473         0  27.56327  97.93591
      4474         0  27.09551 120.45718
      4475         0  26.46940  92.19501
      4476         0  26.53599  92.67419
      4477         0  26.60044  93.15405
      4478         0  26.66272  93.63446
      4479         0  27.16568  98.46893
      4480         0  26.65994 120.38733
      4481         0  26.72748  98.51352
      4482         0  26.22434 120.31805
      4483         0  26.28926  98.55774
      4484         0  25.84832 119.77304
      4485         0  25.81127  98.12354
      4486         0  25.35303 120.18103
      4487         0  25.33150  97.69427
      4488         0  25.03324 119.16971
      4489         0  24.97635 119.64175
      4490         0  24.84999  97.26996
      4491         0  24.59692 119.10712
      4492         0  24.41236  97.32013
      4493         0  24.21478 118.57715
      4494         0  23.97471  97.36996
      4495         0  24.05904  98.30573
      4496         0  23.82995 118.05179
      4497         0  23.58006  97.88480
      4498         0  23.62095  98.35049
      4499         0  23.44248 117.53104
      4500         0  23.22141  98.85867
      4501         0  23.05238 117.01495
      4502         0  22.78309  98.90045
      4503         0  23.08849 104.92105
      4504         0  23.09703 105.38541
      4505         0  22.70237 116.04282
      4506         0  22.65970 116.50342
      4507         0  22.34477  98.94205
      4508         0  22.57418 102.62415
      4509         0  22.61034 103.54684
      4510         0  22.63798 104.47006
      4511         0  22.66345 105.85568
      4512         0  22.66767 106.31787
      4513         0  22.44525 113.69998
      4514         0  22.37924 114.61951
      4515         0  22.34308 115.07880
      4516         0  22.30482 115.53781
      4517         0  21.94232  99.44034
      4518         0  21.97611  99.89761
      4519         0  22.09025 101.72940
      4520         0  22.11352 102.18793
      4521         0  22.15372 103.10553
      4522         0  22.18546 104.02383
      4523         0  22.22768 106.32101
      4524         0  22.00640 113.66556
      4525         0  21.97462 114.12314
      4526         0  21.53741  99.93399
      4527         0  21.67412 102.21268
      4528         0  21.78976 106.78149
      4529         0  21.64987 112.26422
      4530         0  21.59708 113.17590
      4531         0  21.13007 100.42316
      4532         0  21.15936 100.87628
      4533         0  21.23471 102.23724
      4534         0  21.34971 107.23740
      4535         0  21.34756 107.69238
      4536         0  21.34331 108.14755
      4537         0  21.33696 108.60229
      4538         0  21.32850 109.05701
      4539         0  21.31795 109.51178
      4540         0  21.27369 110.87521
      4541         0  21.25475 111.32935
      4542         0  21.23371 111.78336
      4543         0  21.18537 112.69083
      4544         0  20.74740 101.35880
      4545         0  20.77239 101.81012
      4546         0  20.87811 109.49881
      4547         0  20.83408 110.85522
      4548         0  20.43827 109.48602
      4549         0  20.39447 110.83557
      4550         0  20.00883 109.02554
      4551         0  19.99844 109.47324
      4552         0  19.93621 111.26315
      4553         0  19.57722 108.56961
      4554         0  19.49669 111.24127
      4555         0  19.13729 108.56161
      4556         0  19.07563 110.77689
      4557         0  18.69735 108.55356
      4558         0  18.63601 110.75754
      4559         0  18.24926 108.98434
      4560         0  18.22687 109.86157
      4561         0  18.21264 110.30002
      4562         0  17.79924 109.41061
      4563         0   8.35317 134.12946
