About to run "ncl popMask_songY.ncl" with: 
 Copyright (C) 1995-2012 - All Rights Reserved
 University Corporation for Atmospheric Research
 NCAR Command Language Version 6.1.0
 The use of this software is governed by a License Agreement.
 See http://www.ncl.ucar.edu/ for more details.
(0)	-90
(1)	-89.875
(2)	-89.75
(3)	-89.625
(4)	-89.5
(5)	-89.375
(6)	-89.25
(7)	-89.125
(8)	-89
(9)	-88.875
(10)	-88.75
(11)	-88.625
(12)	-88.5
(13)	-88.375
(14)	-88.25
(15)	-88.125
(16)	-88
(17)	-87.875
(18)	-87.75
(19)	-87.625
(20)	-87.5
(21)	-87.375
(22)	-87.25
(23)	-87.125
(24)	-87
(25)	-86.875
(26)	-86.75
(27)	-86.625
(28)	-86.5
(29)	-86.375
(30)	-86.25
(31)	-86.125
(32)	-86
(33)	-85.875
(34)	-85.75
(35)	-85.625
(36)	-85.5
(37)	-85.375
(38)	-85.25
(39)	-85.125
(40)	-85
(41)	-84.875
(42)	-84.75
(43)	-84.625
(44)	-84.5
(45)	-84.375
(46)	-84.25
(47)	-84.125
(48)	-84
(49)	-83.875
(50)	-83.75
(51)	-83.625
(52)	-83.5
(53)	-83.375
(54)	-83.25
(55)	-83.125
(56)	-83
(57)	-82.875
(58)	-82.75
(59)	-82.625
(60)	-82.5
(61)	-82.375
(62)	-82.25
(63)	-82.125
(64)	-82
(65)	-81.875
(66)	-81.75
(67)	-81.625
(68)	-81.5
(69)	-81.375
(70)	-81.25
(71)	-81.125
(72)	-81
(73)	-80.875
(74)	-80.75
(75)	-80.625
(76)	-80.5
(77)	-80.375
(78)	-80.25
(79)	-80.125
(80)	-80
(81)	-79.875
(82)	-79.75
(83)	-79.625
(84)	-79.5
(85)	-79.375
(86)	-79.25
(87)	-79.125
(88)	-79
(89)	-78.875
(90)	-78.75
(91)	-78.625
(92)	-78.5
(93)	-78.375
(94)	-78.25
(95)	-78.125
(96)	-78
(97)	-77.875
(98)	-77.75
(99)	-77.625
(100)	-77.5
(101)	-77.375
(102)	-77.25
(103)	-77.125
(104)	-77
(105)	-76.875
(106)	-76.75
(107)	-76.625
(108)	-76.5
(109)	-76.375
(110)	-76.25
(111)	-76.125
(112)	-76
(113)	-75.875
(114)	-75.75
(115)	-75.625
(116)	-75.5
(117)	-75.375
(118)	-75.25
(119)	-75.125
(120)	-75
(121)	-74.875
(122)	-74.75
(123)	-74.625
(124)	-74.5
(125)	-74.375
(126)	-74.25
(127)	-74.125
(128)	-74
(129)	-73.875
(130)	-73.75
(131)	-73.625
(132)	-73.5
(133)	-73.375
(134)	-73.25
(135)	-73.125
(136)	-73
(137)	-72.875
(138)	-72.75
(139)	-72.625
(140)	-72.5
(141)	-72.375
(142)	-72.25
(143)	-72.125
(144)	-72
(145)	-71.875
(146)	-71.75
(147)	-71.625
(148)	-71.5
(149)	-71.375
(150)	-71.25
(151)	-71.125
(152)	-71
(153)	-70.875
(154)	-70.75
(155)	-70.625
(156)	-70.5
(157)	-70.375
(158)	-70.25
(159)	-70.125
(160)	-70
(161)	-69.875
(162)	-69.75
(163)	-69.625
(164)	-69.5
(165)	-69.375
(166)	-69.25
(167)	-69.125
(168)	-69
(169)	-68.875
(170)	-68.75
(171)	-68.625
(172)	-68.5
(173)	-68.375
(174)	-68.25
(175)	-68.125
(176)	-68
(177)	-67.875
(178)	-67.75
(179)	-67.625
(180)	-67.5
(181)	-67.375
(182)	-67.25
(183)	-67.125
(184)	-67
(185)	-66.875
(186)	-66.75
(187)	-66.625
(188)	-66.5
(189)	-66.375
(190)	-66.25
(191)	-66.125
(192)	-66
(193)	-65.875
(194)	-65.75
(195)	-65.625
(196)	-65.5
(197)	-65.375
(198)	-65.25
(199)	-65.125
(200)	-65
(201)	-64.875
(202)	-64.75
(203)	-64.625
(204)	-64.5
(205)	-64.375
(206)	-64.25
(207)	-64.125
(208)	-64
(209)	-63.875
(210)	-63.75
(211)	-63.625
(212)	-63.5
(213)	-63.375
(214)	-63.25
(215)	-63.125
(216)	-63
(217)	-62.875
(218)	-62.75
(219)	-62.625
(220)	-62.5
(221)	-62.375
(222)	-62.25
(223)	-62.125
(224)	-62
(225)	-61.875
(226)	-61.75
(227)	-61.625
(228)	-61.5
(229)	-61.375
(230)	-61.25
(231)	-61.125
(232)	-61
(233)	-60.875
(234)	-60.75
(235)	-60.625
(236)	-60.5
(237)	-60.375
(238)	-60.25
(239)	-60.125
(240)	-60
(241)	-59.875
(242)	-59.75
(243)	-59.625
(244)	-59.5
(245)	-59.375
(246)	-59.25
(247)	-59.125
(248)	-59
(249)	-58.875
(250)	-58.75
(251)	-58.625
(252)	-58.5
(253)	-58.375
(254)	-58.25
(255)	-58.125
(256)	-58
(257)	-57.875
(258)	-57.75
(259)	-57.625
(260)	-57.5
(261)	-57.375
(262)	-57.25
(263)	-57.125
(264)	-57
(265)	-56.875
(266)	-56.75
(267)	-56.625
(268)	-56.5
(269)	-56.375
(270)	-56.25
(271)	-56.125
(272)	-56
(273)	-55.875
(274)	-55.75
(275)	-55.625
(276)	-55.5
(277)	-55.375
(278)	-55.25
(279)	-55.125
(280)	-55
(281)	-54.875
(282)	-54.75
(283)	-54.625
(284)	-54.5
(285)	-54.375
(286)	-54.25
(287)	-54.125
(288)	-54
(289)	-53.875
(290)	-53.75
(291)	-53.625
(292)	-53.5
(293)	-53.375
(294)	-53.25
(295)	-53.125
(296)	-53
(297)	-52.875
(298)	-52.75
(299)	-52.625
(300)	-52.5
(301)	-52.375
(302)	-52.25
(303)	-52.125
(304)	-52
(305)	-51.875
(306)	-51.75
(307)	-51.625
(308)	-51.5
(309)	-51.375
(310)	-51.25
(311)	-51.125
(312)	-51
(313)	-50.875
(314)	-50.75
(315)	-50.625
(316)	-50.5
(317)	-50.375
(318)	-50.25
(319)	-50.125
(320)	-50
(321)	-49.875
(322)	-49.75
(323)	-49.625
(324)	-49.5
(325)	-49.375
(326)	-49.25
(327)	-49.125
(328)	-49
(329)	-48.875
(330)	-48.75
(331)	-48.625
(332)	-48.5
(333)	-48.375
(334)	-48.25
(335)	-48.125
(336)	-48
(337)	-47.875
(338)	-47.75
(339)	-47.625
(340)	-47.5
(341)	-47.375
(342)	-47.25
(343)	-47.125
(344)	-47
(345)	-46.875
(346)	-46.75
(347)	-46.625
(348)	-46.5
(349)	-46.375
(350)	-46.25
(351)	-46.125
(352)	-46
(353)	-45.875
(354)	-45.75
(355)	-45.625
(356)	-45.5
(357)	-45.375
(358)	-45.25
(359)	-45.125
(360)	-45
(361)	-44.875
(362)	-44.75
(363)	-44.625
(364)	-44.5
(365)	-44.375
(366)	-44.25
(367)	-44.125
(368)	-44
(369)	-43.875
(370)	-43.75
(371)	-43.625
(372)	-43.5
(373)	-43.375
(374)	-43.25
(375)	-43.125
(376)	-43
(377)	-42.875
(378)	-42.75
(379)	-42.625
(380)	-42.5
(381)	-42.375
(382)	-42.25
(383)	-42.125
(384)	-42
(385)	-41.875
(386)	-41.75
(387)	-41.625
(388)	-41.5
(389)	-41.375
(390)	-41.25
(391)	-41.125
(392)	-41
(393)	-40.875
(394)	-40.75
(395)	-40.625
(396)	-40.5
(397)	-40.375
(398)	-40.25
(399)	-40.125
(400)	-40
(401)	-39.875
(402)	-39.75
(403)	-39.625
(404)	-39.5
(405)	-39.375
(406)	-39.25
(407)	-39.125
(408)	-39
(409)	-38.875
(410)	-38.75
(411)	-38.625
(412)	-38.5
(413)	-38.375
(414)	-38.25
(415)	-38.125
(416)	-38
(417)	-37.875
(418)	-37.75
(419)	-37.625
(420)	-37.5
(421)	-37.375
(422)	-37.25
(423)	-37.125
(424)	-37
(425)	-36.875
(426)	-36.75
(427)	-36.625
(428)	-36.5
(429)	-36.375
(430)	-36.25
(431)	-36.125
(432)	-36
(433)	-35.875
(434)	-35.75
(435)	-35.625
(436)	-35.5
(437)	-35.375
(438)	-35.25
(439)	-35.125
(440)	-35
(441)	-34.875
(442)	-34.75
(443)	-34.625
(444)	-34.5
(445)	-34.375
(446)	-34.25
(447)	-34.125
(448)	-34
(449)	-33.875
(450)	-33.75
(451)	-33.625
(452)	-33.5
(453)	-33.375
(454)	-33.25
(455)	-33.125
(456)	-33
(457)	-32.875
(458)	-32.75
(459)	-32.625
(460)	-32.5
(461)	-32.375
(462)	-32.25
(463)	-32.125
(464)	-32
(465)	-31.875
(466)	-31.75
(467)	-31.625
(468)	-31.5
(469)	-31.375
(470)	-31.25
(471)	-31.125
(472)	-31
(473)	-30.875
(474)	-30.75
(475)	-30.625
(476)	-30.5
(477)	-30.375
(478)	-30.25
(479)	-30.125
(480)	-30
(481)	-29.875
(482)	-29.75
(483)	-29.625
(484)	-29.5
(485)	-29.375
(486)	-29.25
(487)	-29.125
(488)	-29
(489)	-28.875
(490)	-28.75
(491)	-28.625
(492)	-28.5
(493)	-28.375
(494)	-28.25
(495)	-28.125
(496)	-28
(497)	-27.875
(498)	-27.75
(499)	-27.625
(500)	-27.5
(501)	-27.375
(502)	-27.25
(503)	-27.125
(504)	-27
(505)	-26.875
(506)	-26.75
(507)	-26.625
(508)	-26.5
(509)	-26.375
(510)	-26.25
(511)	-26.125
(512)	-26
(513)	-25.875
(514)	-25.75
(515)	-25.625
(516)	-25.5
(517)	-25.375
(518)	-25.25
(519)	-25.125
(520)	-25
(521)	-24.875
(522)	-24.75
(523)	-24.625
(524)	-24.5
(525)	-24.375
(526)	-24.25
(527)	-24.125
(528)	-24
(529)	-23.875
(530)	-23.75
(531)	-23.625
(532)	-23.5
(533)	-23.375
(534)	-23.25
(535)	-23.125
(536)	-23
(537)	-22.875
(538)	-22.75
(539)	-22.625
(540)	-22.5
(541)	-22.375
(542)	-22.25
(543)	-22.125
(544)	-22
(545)	-21.875
(546)	-21.75
(547)	-21.625
(548)	-21.5
(549)	-21.375
(550)	-21.25
(551)	-21.125
(552)	-21
(553)	-20.875
(554)	-20.75
(555)	-20.625
(556)	-20.5
(557)	-20.375
(558)	-20.25
(559)	-20.125
(560)	-20
(561)	-19.875
(562)	-19.75
(563)	-19.625
(564)	-19.5
(565)	-19.375
(566)	-19.25
(567)	-19.125
(568)	-19
(569)	-18.875
(570)	-18.75
(571)	-18.625
(572)	-18.5
(573)	-18.375
(574)	-18.25
(575)	-18.125
(576)	-18
(577)	-17.875
(578)	-17.75
(579)	-17.625
(580)	-17.5
(581)	-17.375
(582)	-17.25
(583)	-17.125
(584)	-17
(585)	-16.875
(586)	-16.75
(587)	-16.625
(588)	-16.5
(589)	-16.375
(590)	-16.25
(591)	-16.125
(592)	-16
(593)	-15.875
(594)	-15.75
(595)	-15.625
(596)	-15.5
(597)	-15.375
(598)	-15.25
(599)	-15.125
(600)	-15
(601)	-14.875
(602)	-14.75
(603)	-14.625
(604)	-14.5
(605)	-14.375
(606)	-14.25
(607)	-14.125
(608)	-14
(609)	-13.875
(610)	-13.75
(611)	-13.625
(612)	-13.5
(613)	-13.375
(614)	-13.25
(615)	-13.125
(616)	-13
(617)	-12.875
(618)	-12.75
(619)	-12.625
(620)	-12.5
(621)	-12.375
(622)	-12.25
(623)	-12.125
(624)	-12
(625)	-11.875
(626)	-11.75
(627)	-11.625
(628)	-11.5
(629)	-11.375
(630)	-11.25
(631)	-11.125
(632)	-11
(633)	-10.875
(634)	-10.75
(635)	-10.625
(636)	-10.5
(637)	-10.375
(638)	-10.25
(639)	-10.125
(640)	-10
(641)	-9.875
(642)	-9.75
(643)	-9.625
(644)	-9.5
(645)	-9.375
(646)	-9.25
(647)	-9.125
(648)	-9
(649)	-8.875
(650)	-8.75
(651)	-8.625
(652)	-8.5
(653)	-8.375
(654)	-8.25
(655)	-8.125
(656)	-8
(657)	-7.875
(658)	-7.75
(659)	-7.625
(660)	-7.5
(661)	-7.375
(662)	-7.25
(663)	-7.125
(664)	-7
(665)	-6.875
(666)	-6.75
(667)	-6.625
(668)	-6.5
(669)	-6.375
(670)	-6.25
(671)	-6.125
(672)	-6
(673)	-5.875
(674)	-5.75
(675)	-5.625
(676)	-5.5
(677)	-5.375
(678)	-5.25
(679)	-5.125
(680)	-5
(681)	-4.875
(682)	-4.75
(683)	-4.625
(684)	-4.5
(685)	-4.375
(686)	-4.25
(687)	-4.125
(688)	-4
(689)	-3.875
(690)	-3.75
(691)	-3.625
(692)	-3.5
(693)	-3.375
(694)	-3.25
(695)	-3.125
(696)	-3
(697)	-2.875
(698)	-2.75
(699)	-2.625
(700)	-2.5
(701)	-2.375
(702)	-2.25
(703)	-2.125
(704)	-2
(705)	-1.875
(706)	-1.75
(707)	-1.625
(708)	-1.5
(709)	-1.375
(710)	-1.25
(711)	-1.125
(712)	-1
(713)	-0.875
(714)	-0.75
(715)	-0.625
(716)	-0.5
(717)	-0.375
(718)	-0.25
(719)	-0.125
(720)	 0
(721)	0.125
(722)	0.25
(723)	0.375
(724)	0.5
(725)	0.625
(726)	0.75
(727)	0.875
(728)	 1
(729)	1.125
(730)	1.25
(731)	1.375
(732)	1.5
(733)	1.625
(734)	1.75
(735)	1.875
(736)	 2
(737)	2.125
(738)	2.25
(739)	2.375
(740)	2.5
(741)	2.625
(742)	2.75
(743)	2.875
(744)	 3
(745)	3.125
(746)	3.25
(747)	3.375
(748)	3.5
(749)	3.625
(750)	3.75
(751)	3.875
(752)	 4
(753)	4.125
(754)	4.25
(755)	4.375
(756)	4.5
(757)	4.625
(758)	4.75
(759)	4.875
(760)	 5
(761)	5.125
(762)	5.25
(763)	5.375
(764)	5.5
(765)	5.625
(766)	5.75
(767)	5.875
(768)	 6
(769)	6.125
(770)	6.25
(771)	6.375
(772)	6.5
(773)	6.625
(774)	6.75
(775)	6.875
(776)	 7
(777)	7.125
(778)	7.25
(779)	7.375
(780)	7.5
(781)	7.625
(782)	7.75
(783)	7.875
(784)	 8
(785)	8.125
(786)	8.25
(787)	8.375
(788)	8.5
(789)	8.625
(790)	8.75
(791)	8.875
(792)	 9
(793)	9.125
(794)	9.25
(795)	9.375
(796)	9.5
(797)	9.625
(798)	9.75
(799)	9.875
(800)	10
(801)	10.125
(802)	10.25
(803)	10.375
(804)	10.5
(805)	10.625
(806)	10.75
(807)	10.875
(808)	11
(809)	11.125
(810)	11.25
(811)	11.375
(812)	11.5
(813)	11.625
(814)	11.75
(815)	11.875
(816)	12
(817)	12.125
(818)	12.25
(819)	12.375
(820)	12.5
(821)	12.625
(822)	12.75
(823)	12.875
(824)	13
(825)	13.125
(826)	13.25
(827)	13.375
(828)	13.5
(829)	13.625
(830)	13.75
(831)	13.875
(832)	14
(833)	14.125
(834)	14.25
(835)	14.375
(836)	14.5
(837)	14.625
(838)	14.75
(839)	14.875
(840)	15
(841)	15.125
(842)	15.25
(843)	15.375
(844)	15.5
(845)	15.625
(846)	15.75
(847)	15.875
(848)	16
(849)	16.125
(850)	16.25
(851)	16.375
(852)	16.5
(853)	16.625
(854)	16.75
(855)	16.875
(856)	17
(857)	17.125
(858)	17.25
(859)	17.375
(860)	17.5
(861)	17.625
(862)	17.75
(863)	17.875
(864)	18
(865)	18.125
(866)	18.25
(867)	18.375
(868)	18.5
(869)	18.625
(870)	18.75
(871)	18.875
(872)	19
(873)	19.125
(874)	19.25
(875)	19.375
(876)	19.5
(877)	19.625
(878)	19.75
(879)	19.875
(880)	20
(881)	20.125
(882)	20.25
(883)	20.375
(884)	20.5
(885)	20.625
(886)	20.75
(887)	20.875
(888)	21
(889)	21.125
(890)	21.25
(891)	21.375
(892)	21.5
(893)	21.625
(894)	21.75
(895)	21.875
(896)	22
(897)	22.125
(898)	22.25
(899)	22.375
(900)	22.5
(901)	22.625
(902)	22.75
(903)	22.875
(904)	23
(905)	23.125
(906)	23.25
(907)	23.375
(908)	23.5
(909)	23.625
(910)	23.75
(911)	23.875
(912)	24
(913)	24.125
(914)	24.25
(915)	24.375
(916)	24.5
(917)	24.625
(918)	24.75
(919)	24.875
(920)	25
(921)	25.125
(922)	25.25
(923)	25.375
(924)	25.5
(925)	25.625
(926)	25.75
(927)	25.875
(928)	26
(929)	26.125
(930)	26.25
(931)	26.375
(932)	26.5
(933)	26.625
(934)	26.75
(935)	26.875
(936)	27
(937)	27.125
(938)	27.25
(939)	27.375
(940)	27.5
(941)	27.625
(942)	27.75
(943)	27.875
(944)	28
(945)	28.125
(946)	28.25
(947)	28.375
(948)	28.5
(949)	28.625
(950)	28.75
(951)	28.875
(952)	29
(953)	29.125
(954)	29.25
(955)	29.375
(956)	29.5
(957)	29.625
(958)	29.75
(959)	29.875
(960)	30
(961)	30.125
(962)	30.25
(963)	30.375
(964)	30.5
(965)	30.625
(966)	30.75
(967)	30.875
(968)	31
(969)	31.125
(970)	31.25
(971)	31.375
(972)	31.5
(973)	31.625
(974)	31.75
(975)	31.875
(976)	32
(977)	32.125
(978)	32.25
(979)	32.375
(980)	32.5
(981)	32.625
(982)	32.75
(983)	32.875
(984)	33
(985)	33.125
(986)	33.25
(987)	33.375
(988)	33.5
(989)	33.625
(990)	33.75
(991)	33.875
(992)	34
(993)	34.125
(994)	34.25
(995)	34.375
(996)	34.5
(997)	34.625
(998)	34.75
(999)	34.875
(1000)	35
(1001)	35.125
(1002)	35.25
(1003)	35.375
(1004)	35.5
(1005)	35.625
(1006)	35.75
(1007)	35.875
(1008)	36
(1009)	36.125
(1010)	36.25
(1011)	36.375
(1012)	36.5
(1013)	36.625
(1014)	36.75
(1015)	36.875
(1016)	37
(1017)	37.125
(1018)	37.25
(1019)	37.375
(1020)	37.5
(1021)	37.625
(1022)	37.75
(1023)	37.875
(1024)	38
(1025)	38.125
(1026)	38.25
(1027)	38.375
(1028)	38.5
(1029)	38.625
(1030)	38.75
(1031)	38.875
(1032)	39
(1033)	39.125
(1034)	39.25
(1035)	39.375
(1036)	39.5
(1037)	39.625
(1038)	39.75
(1039)	39.875
(1040)	40
(1041)	40.125
(1042)	40.25
(1043)	40.375
(1044)	40.5
(1045)	40.625
(1046)	40.75
(1047)	40.875
(1048)	41
(1049)	41.125
(1050)	41.25
(1051)	41.375
(1052)	41.5
(1053)	41.625
(1054)	41.75
(1055)	41.875
(1056)	42
(1057)	42.125
(1058)	42.25
(1059)	42.375
(1060)	42.5
(1061)	42.625
(1062)	42.75
(1063)	42.875
(1064)	43
(1065)	43.125
(1066)	43.25
(1067)	43.375
(1068)	43.5
(1069)	43.625
(1070)	43.75
(1071)	43.875
(1072)	44
(1073)	44.125
(1074)	44.25
(1075)	44.375
(1076)	44.5
(1077)	44.625
(1078)	44.75
(1079)	44.875
(1080)	45
(1081)	45.125
(1082)	45.25
(1083)	45.375
(1084)	45.5
(1085)	45.625
(1086)	45.75
(1087)	45.875
(1088)	46
(1089)	46.125
(1090)	46.25
(1091)	46.375
(1092)	46.5
(1093)	46.625
(1094)	46.75
(1095)	46.875
(1096)	47
(1097)	47.125
(1098)	47.25
(1099)	47.375
(1100)	47.5
(1101)	47.625
(1102)	47.75
(1103)	47.875
(1104)	48
(1105)	48.125
(1106)	48.25
(1107)	48.375
(1108)	48.5
(1109)	48.625
(1110)	48.75
(1111)	48.875
(1112)	49
(1113)	49.125
(1114)	49.25
(1115)	49.375
(1116)	49.5
(1117)	49.625
(1118)	49.75
(1119)	49.875
(1120)	50
(1121)	50.125
(1122)	50.25
(1123)	50.375
(1124)	50.5
(1125)	50.625
(1126)	50.75
(1127)	50.875
(1128)	51
(1129)	51.125
(1130)	51.25
(1131)	51.375
(1132)	51.5
(1133)	51.625
(1134)	51.75
(1135)	51.875
(1136)	52
(1137)	52.125
(1138)	52.25
(1139)	52.375
(1140)	52.5
(1141)	52.625
(1142)	52.75
(1143)	52.875
(1144)	53
(1145)	53.125
(1146)	53.25
(1147)	53.375
(1148)	53.5
(1149)	53.625
(1150)	53.75
(1151)	53.875
(1152)	54
(1153)	54.125
(1154)	54.25
(1155)	54.375
(1156)	54.5
(1157)	54.625
(1158)	54.75
(1159)	54.875
(1160)	55
(1161)	55.125
(1162)	55.25
(1163)	55.375
(1164)	55.5
(1165)	55.625
(1166)	55.75
(1167)	55.875
(1168)	56
(1169)	56.125
(1170)	56.25
(1171)	56.375
(1172)	56.5
(1173)	56.625
(1174)	56.75
(1175)	56.875
(1176)	57
(1177)	57.125
(1178)	57.25
(1179)	57.375
(1180)	57.5
(1181)	57.625
(1182)	57.75
(1183)	57.875
(1184)	58
(1185)	58.125
(1186)	58.25
(1187)	58.375
(1188)	58.5
(1189)	58.625
(1190)	58.75
(1191)	58.875
(1192)	59
(1193)	59.125
(1194)	59.25
(1195)	59.375
(1196)	59.5
(1197)	59.625
(1198)	59.75
(1199)	59.875
(1200)	60
(1201)	60.125
(1202)	60.25
(1203)	60.375
(1204)	60.5
(1205)	60.625
(1206)	60.75
(1207)	60.875
(1208)	61
(1209)	61.125
(1210)	61.25
(1211)	61.375
(1212)	61.5
(1213)	61.625
(1214)	61.75
(1215)	61.875
(1216)	62
(1217)	62.125
(1218)	62.25
(1219)	62.375
(1220)	62.5
(1221)	62.625
(1222)	62.75
(1223)	62.875
(1224)	63
(1225)	63.125
(1226)	63.25
(1227)	63.375
(1228)	63.5
(1229)	63.625
(1230)	63.75
(1231)	63.875
(1232)	64
(1233)	64.125
(1234)	64.25
(1235)	64.375
(1236)	64.5
(1237)	64.625
(1238)	64.75
(1239)	64.875
(1240)	65
(1241)	65.125
(1242)	65.25
(1243)	65.375
(1244)	65.5
(1245)	65.625
(1246)	65.75
(1247)	65.875
(1248)	66
(1249)	66.125
(1250)	66.25
(1251)	66.375
(1252)	66.5
(1253)	66.625
(1254)	66.75
(1255)	66.875
(1256)	67
(1257)	67.125
(1258)	67.25
(1259)	67.375
(1260)	67.5
(1261)	67.625
(1262)	67.75
(1263)	67.875
(1264)	68
(1265)	68.125
(1266)	68.25
(1267)	68.375
(1268)	68.5
(1269)	68.625
(1270)	68.75
(1271)	68.875
(1272)	69
(1273)	69.125
(1274)	69.25
(1275)	69.375
(1276)	69.5
(1277)	69.625
(1278)	69.75
(1279)	69.875
(1280)	70
(1281)	70.125
(1282)	70.25
(1283)	70.375
(1284)	70.5
(1285)	70.625
(1286)	70.75
(1287)	70.875
(1288)	71
(1289)	71.125
(1290)	71.25
(1291)	71.375
(1292)	71.5
(1293)	71.625
(1294)	71.75
(1295)	71.875
(1296)	72
(1297)	72.125
(1298)	72.25
(1299)	72.375
(1300)	72.5
(1301)	72.625
(1302)	72.75
(1303)	72.875
(1304)	73
(1305)	73.125
(1306)	73.25
(1307)	73.375
(1308)	73.5
(1309)	73.625
(1310)	73.75
(1311)	73.875
(1312)	74
(1313)	74.125
(1314)	74.25
(1315)	74.375
(1316)	74.5
(1317)	74.625
(1318)	74.75
(1319)	74.875
(1320)	75
(1321)	75.125
(1322)	75.25
(1323)	75.375
(1324)	75.5
(1325)	75.625
(1326)	75.75
(1327)	75.875
(1328)	76
(1329)	76.125
(1330)	76.25
(1331)	76.375
(1332)	76.5
(1333)	76.625
(1334)	76.75
(1335)	76.875
(1336)	77
(1337)	77.125
(1338)	77.25
(1339)	77.375
(1340)	77.5
(1341)	77.625
(1342)	77.75
(1343)	77.875
(1344)	78
(1345)	78.125
(1346)	78.25
(1347)	78.375
(1348)	78.5
(1349)	78.625
(1350)	78.75
(1351)	78.875
(1352)	79
(1353)	79.125
(1354)	79.25
(1355)	79.375
(1356)	79.5
(1357)	79.625
(1358)	79.75
(1359)	79.875
(1360)	80
(1361)	80.125
(1362)	80.25
(1363)	80.375
(1364)	80.5
(1365)	80.625
(1366)	80.75
(1367)	80.875
(1368)	81
(1369)	81.125
(1370)	81.25
(1371)	81.375
(1372)	81.5
(1373)	81.625
(1374)	81.75
(1375)	81.875
(1376)	82
(1377)	82.125
(1378)	82.25
(1379)	82.375
(1380)	82.5
(1381)	82.625
(1382)	82.75
(1383)	82.875
(1384)	83
(1385)	83.125
(1386)	83.25
(1387)	83.375
(1388)	83.5
(1389)	83.625
(1390)	83.75
(1391)	83.875
(1392)	84
(1393)	84.125
(1394)	84.25
(1395)	84.375
(1396)	84.5
(1397)	84.625
(1398)	84.75
(1399)	84.875
(1400)	85
(1401)	85.125
(1402)	85.25
(1403)	85.375
(1404)	85.5
(1405)	85.625
(1406)	85.75
(1407)	85.875
(1408)	86
(1409)	86.125
(1410)	86.25
(1411)	86.375
(1412)	86.5
(1413)	86.625
(1414)	86.75
(1415)	86.875
(1416)	87
(1417)	87.125
(1418)	87.25
(1419)	87.375
(1420)	87.5
(1421)	87.625
(1422)	87.75
(1423)	87.875
(1424)	88
(1425)	88.125
(1426)	88.25
(1427)	88.375
(1428)	88.5
(1429)	88.625
(1430)	88.75
(1431)	88.875
(1432)	89
(1433)	89.125
(1434)	89.25
(1435)	89.375
(1436)	89.5
(1437)	89.625
(1438)	89.75
(1439)	89.875
(1440)	90
(0)	-180
(1)	-179.875
(2)	-179.7499
(3)	-179.6249
(4)	-179.4998
(5)	-179.3748
(6)	-179.2497
(7)	-179.1247
(8)	-178.9996
(9)	-178.8746
(10)	-178.7496
(11)	-178.6245
(12)	-178.4995
(13)	-178.3744
(14)	-178.2494
(15)	-178.1243
(16)	-177.9993
(17)	-177.8743
(18)	-177.7492
(19)	-177.6242
(20)	-177.4991
(21)	-177.3741
(22)	-177.249
(23)	-177.124
(24)	-176.999
(25)	-176.8739
(26)	-176.7489
(27)	-176.6238
(28)	-176.4988
(29)	-176.3737
(30)	-176.2487
(31)	-176.1237
(32)	-175.9986
(33)	-175.8736
(34)	-175.7485
(35)	-175.6235
(36)	-175.4984
(37)	-175.3734
(38)	-175.2484
(39)	-175.1233
(40)	-174.9983
(41)	-174.8732
(42)	-174.7482
(43)	-174.6231
(44)	-174.4981
(45)	-174.373
(46)	-174.248
(47)	-174.123
(48)	-173.9979
(49)	-173.8729
(50)	-173.7478
(51)	-173.6228
(52)	-173.4977
(53)	-173.3727
(54)	-173.2477
(55)	-173.1226
(56)	-172.9976
(57)	-172.8725
(58)	-172.7475
(59)	-172.6224
(60)	-172.4974
(61)	-172.3723
(62)	-172.2473
(63)	-172.1223
(64)	-171.9972
(65)	-171.8722
(66)	-171.7471
(67)	-171.6221
(68)	-171.4971
(69)	-171.372
(70)	-171.247
(71)	-171.1219
(72)	-170.9969
(73)	-170.8718
(74)	-170.7468
(75)	-170.6217
(76)	-170.4967
(77)	-170.3717
(78)	-170.2466
(79)	-170.1216
(80)	-169.9965
(81)	-169.8715
(82)	-169.7464
(83)	-169.6214
(84)	-169.4964
(85)	-169.3713
(86)	-169.2463
(87)	-169.1212
(88)	-168.9962
(89)	-168.8711
(90)	-168.7461
(91)	-168.621
(92)	-168.496
(93)	-168.371
(94)	-168.2459
(95)	-168.1209
(96)	-167.9958
(97)	-167.8708
(98)	-167.7457
(99)	-167.6207
(100)	-167.4957
(101)	-167.3706
(102)	-167.2456
(103)	-167.1205
(104)	-166.9955
(105)	-166.8704
(106)	-166.7454
(107)	-166.6204
(108)	-166.4953
(109)	-166.3703
(110)	-166.2452
(111)	-166.1202
(112)	-165.9951
(113)	-165.8701
(114)	-165.7451
(115)	-165.62
(116)	-165.495
(117)	-165.3699
(118)	-165.2449
(119)	-165.1198
(120)	-164.9948
(121)	-164.8698
(122)	-164.7447
(123)	-164.6197
(124)	-164.4946
(125)	-164.3696
(126)	-164.2445
(127)	-164.1195
(128)	-163.9944
(129)	-163.8694
(130)	-163.7444
(131)	-163.6193
(132)	-163.4943
(133)	-163.3692
(134)	-163.2442
(135)	-163.1191
(136)	-162.9941
(137)	-162.869
(138)	-162.744
(139)	-162.619
(140)	-162.4939
(141)	-162.3689
(142)	-162.2438
(143)	-162.1188
(144)	-161.9937
(145)	-161.8687
(146)	-161.7437
(147)	-161.6186
(148)	-161.4936
(149)	-161.3685
(150)	-161.2435
(151)	-161.1184
(152)	-160.9934
(153)	-160.8684
(154)	-160.7433
(155)	-160.6183
(156)	-160.4932
(157)	-160.3682
(158)	-160.2431
(159)	-160.1181
(160)	-159.9931
(161)	-159.868
(162)	-159.743
(163)	-159.6179
(164)	-159.4929
(165)	-159.3678
(166)	-159.2428
(167)	-159.1178
(168)	-158.9927
(169)	-158.8677
(170)	-158.7426
(171)	-158.6176
(172)	-158.4925
(173)	-158.3675
(174)	-158.2424
(175)	-158.1174
(176)	-157.9924
(177)	-157.8673
(178)	-157.7423
(179)	-157.6172
(180)	-157.4922
(181)	-157.3671
(182)	-157.2421
(183)	-157.1171
(184)	-156.992
(185)	-156.867
(186)	-156.7419
(187)	-156.6169
(188)	-156.4918
(189)	-156.3668
(190)	-156.2417
(191)	-156.1167
(192)	-155.9917
(193)	-155.8666
(194)	-155.7416
(195)	-155.6165
(196)	-155.4915
(197)	-155.3664
(198)	-155.2414
(199)	-155.1164
(200)	-154.9913
(201)	-154.8663
(202)	-154.7412
(203)	-154.6162
(204)	-154.4911
(205)	-154.3661
(206)	-154.2411
(207)	-154.116
(208)	-153.991
(209)	-153.8659
(210)	-153.7409
(211)	-153.6158
(212)	-153.4908
(213)	-153.3658
(214)	-153.2407
(215)	-153.1157
(216)	-152.9906
(217)	-152.8656
(218)	-152.7405
(219)	-152.6155
(220)	-152.4904
(221)	-152.3654
(222)	-152.2404
(223)	-152.1153
(224)	-151.9903
(225)	-151.8652
(226)	-151.7402
(227)	-151.6151
(228)	-151.4901
(229)	-151.3651
(230)	-151.24
(231)	-151.115
(232)	-150.9899
(233)	-150.8649
(234)	-150.7398
(235)	-150.6148
(236)	-150.4897
(237)	-150.3647
(238)	-150.2397
(239)	-150.1146
(240)	-149.9896
(241)	-149.8645
(242)	-149.7395
(243)	-149.6145
(244)	-149.4894
(245)	-149.3644
(246)	-149.2393
(247)	-149.1143
(248)	-148.9892
(249)	-148.8642
(250)	-148.7392
(251)	-148.6141
(252)	-148.4891
(253)	-148.364
(254)	-148.239
(255)	-148.1139
(256)	-147.9889
(257)	-147.8638
(258)	-147.7388
(259)	-147.6138
(260)	-147.4887
(261)	-147.3637
(262)	-147.2386
(263)	-147.1136
(264)	-146.9885
(265)	-146.8635
(266)	-146.7384
(267)	-146.6134
(268)	-146.4884
(269)	-146.3633
(270)	-146.2383
(271)	-146.1132
(272)	-145.9882
(273)	-145.8631
(274)	-145.7381
(275)	-145.6131
(276)	-145.488
(277)	-145.363
(278)	-145.2379
(279)	-145.1129
(280)	-144.9878
(281)	-144.8628
(282)	-144.7378
(283)	-144.6127
(284)	-144.4877
(285)	-144.3626
(286)	-144.2376
(287)	-144.1125
(288)	-143.9875
(289)	-143.8625
(290)	-143.7374
(291)	-143.6124
(292)	-143.4873
(293)	-143.3623
(294)	-143.2372
(295)	-143.1122
(296)	-142.9872
(297)	-142.8621
(298)	-142.7371
(299)	-142.612
(300)	-142.487
(301)	-142.3619
(302)	-142.2369
(303)	-142.1118
(304)	-141.9868
(305)	-141.8618
(306)	-141.7367
(307)	-141.6117
(308)	-141.4866
(309)	-141.3616
(310)	-141.2365
(311)	-141.1115
(312)	-140.9865
(313)	-140.8614
(314)	-140.7364
(315)	-140.6113
(316)	-140.4863
(317)	-140.3612
(318)	-140.2362
(319)	-140.1111
(320)	-139.9861
(321)	-139.8611
(322)	-139.736
(323)	-139.611
(324)	-139.4859
(325)	-139.3609
(326)	-139.2358
(327)	-139.1108
(328)	-138.9858
(329)	-138.8607
(330)	-138.7357
(331)	-138.6106
(332)	-138.4856
(333)	-138.3605
(334)	-138.2355
(335)	-138.1105
(336)	-137.9854
(337)	-137.8604
(338)	-137.7353
(339)	-137.6103
(340)	-137.4852
(341)	-137.3602
(342)	-137.2352
(343)	-137.1101
(344)	-136.9851
(345)	-136.86
(346)	-136.735
(347)	-136.6099
(348)	-136.4849
(349)	-136.3598
(350)	-136.2348
(351)	-136.1098
(352)	-135.9847
(353)	-135.8597
(354)	-135.7346
(355)	-135.6096
(356)	-135.4845
(357)	-135.3595
(358)	-135.2345
(359)	-135.1094
(360)	-134.9844
(361)	-134.8593
(362)	-134.7343
(363)	-134.6092
(364)	-134.4842
(365)	-134.3591
(366)	-134.2341
(367)	-134.1091
(368)	-133.984
(369)	-133.859
(370)	-133.7339
(371)	-133.6089
(372)	-133.4838
(373)	-133.3588
(374)	-133.2338
(375)	-133.1087
(376)	-132.9837
(377)	-132.8586
(378)	-132.7336
(379)	-132.6086
(380)	-132.4835
(381)	-132.3585
(382)	-132.2334
(383)	-132.1084
(384)	-131.9833
(385)	-131.8583
(386)	-131.7332
(387)	-131.6082
(388)	-131.4832
(389)	-131.3581
(390)	-131.2331
(391)	-131.108
(392)	-130.983
(393)	-130.8579
(394)	-130.7329
(395)	-130.6078
(396)	-130.4828
(397)	-130.3578
(398)	-130.2327
(399)	-130.1077
(400)	-129.9826
(401)	-129.8576
(402)	-129.7325
(403)	-129.6075
(404)	-129.4825
(405)	-129.3574
(406)	-129.2324
(407)	-129.1073
(408)	-128.9823
(409)	-128.8572
(410)	-128.7322
(411)	-128.6072
(412)	-128.4821
(413)	-128.3571
(414)	-128.232
(415)	-128.107
(416)	-127.9819
(417)	-127.8569
(418)	-127.7318
(419)	-127.6068
(420)	-127.4818
(421)	-127.3567
(422)	-127.2317
(423)	-127.1066
(424)	-126.9816
(425)	-126.8565
(426)	-126.7315
(427)	-126.6065
(428)	-126.4814
(429)	-126.3564
(430)	-126.2313
(431)	-126.1063
(432)	-125.9812
(433)	-125.8562
(434)	-125.7312
(435)	-125.6061
(436)	-125.4811
(437)	-125.356
(438)	-125.231
(439)	-125.1059
(440)	-124.9809
(441)	-124.8559
(442)	-124.7308
(443)	-124.6058
(444)	-124.4807
(445)	-124.3557
(446)	-124.2306
(447)	-124.1056
(448)	-123.9805
(449)	-123.8555
(450)	-123.7305
(451)	-123.6054
(452)	-123.4804
(453)	-123.3553
(454)	-123.2303
(455)	-123.1052
(456)	-122.9802
(457)	-122.8552
(458)	-122.7301
(459)	-122.6051
(460)	-122.48
(461)	-122.355
(462)	-122.2299
(463)	-122.1049
(464)	-121.9799
(465)	-121.8548
(466)	-121.7298
(467)	-121.6047
(468)	-121.4797
(469)	-121.3546
(470)	-121.2296
(471)	-121.1046
(472)	-120.9795
(473)	-120.8545
(474)	-120.7294
(475)	-120.6044
(476)	-120.4793
(477)	-120.3543
(478)	-120.2292
(479)	-120.1042
(480)	-119.9792
(481)	-119.8541
(482)	-119.7291
(483)	-119.604
(484)	-119.479
(485)	-119.3539
(486)	-119.2289
(487)	-119.1039
(488)	-118.9788
(489)	-118.8538
(490)	-118.7287
(491)	-118.6037
(492)	-118.4786
(493)	-118.3536
(494)	-118.2286
(495)	-118.1035
(496)	-117.9785
(497)	-117.8534
(498)	-117.7284
(499)	-117.6033
(500)	-117.4783
(501)	-117.3532
(502)	-117.2282
(503)	-117.1032
(504)	-116.9781
(505)	-116.8531
(506)	-116.728
(507)	-116.603
(508)	-116.4779
(509)	-116.3529
(510)	-116.2279
(511)	-116.1028
(512)	-115.9778
(513)	-115.8527
(514)	-115.7277
(515)	-115.6026
(516)	-115.4776
(517)	-115.3526
(518)	-115.2275
(519)	-115.1025
(520)	-114.9774
(521)	-114.8524
(522)	-114.7273
(523)	-114.6023
(524)	-114.4772
(525)	-114.3522
(526)	-114.2272
(527)	-114.1021
(528)	-113.9771
(529)	-113.852
(530)	-113.727
(531)	-113.6019
(532)	-113.4769
(533)	-113.3519
(534)	-113.2268
(535)	-113.1018
(536)	-112.9767
(537)	-112.8517
(538)	-112.7266
(539)	-112.6016
(540)	-112.4766
(541)	-112.3515
(542)	-112.2265
(543)	-112.1014
(544)	-111.9764
(545)	-111.8513
(546)	-111.7263
(547)	-111.6012
(548)	-111.4762
(549)	-111.3512
(550)	-111.2261
(551)	-111.1011
(552)	-110.976
(553)	-110.851
(554)	-110.7259
(555)	-110.6009
(556)	-110.4759
(557)	-110.3508
(558)	-110.2258
(559)	-110.1007
(560)	-109.9757
(561)	-109.8506
(562)	-109.7256
(563)	-109.6006
(564)	-109.4755
(565)	-109.3505
(566)	-109.2254
(567)	-109.1004
(568)	-108.9753
(569)	-108.8503
(570)	-108.7253
(571)	-108.6002
(572)	-108.4752
(573)	-108.3501
(574)	-108.2251
(575)	-108.1
(576)	-107.975
(577)	-107.8499
(578)	-107.7249
(579)	-107.5999
(580)	-107.4748
(581)	-107.3498
(582)	-107.2247
(583)	-107.0997
(584)	-106.9746
(585)	-106.8496
(586)	-106.7246
(587)	-106.5995
(588)	-106.4745
(589)	-106.3494
(590)	-106.2244
(591)	-106.0993
(592)	-105.9743
(593)	-105.8493
(594)	-105.7242
(595)	-105.5992
(596)	-105.4741
(597)	-105.3491
(598)	-105.224
(599)	-105.099
(600)	-104.9739
(601)	-104.8489
(602)	-104.7239
(603)	-104.5988
(604)	-104.4738
(605)	-104.3487
(606)	-104.2237
(607)	-104.0986
(608)	-103.9736
(609)	-103.8486
(610)	-103.7235
(611)	-103.5985
(612)	-103.4734
(613)	-103.3484
(614)	-103.2233
(615)	-103.0983
(616)	-102.9733
(617)	-102.8482
(618)	-102.7232
(619)	-102.5981
(620)	-102.4731
(621)	-102.348
(622)	-102.223
(623)	-102.098
(624)	-101.9729
(625)	-101.8479
(626)	-101.7228
(627)	-101.5978
(628)	-101.4727
(629)	-101.3477
(630)	-101.2226
(631)	-101.0976
(632)	-100.9726
(633)	-100.8475
(634)	-100.7225
(635)	-100.5974
(636)	-100.4724
(637)	-100.3473
(638)	-100.2223
(639)	-100.0973
(640)	-99.97221
(641)	-99.84717
(642)	-99.72212
(643)	-99.59708
(644)	-99.47204
(645)	-99.34699
(646)	-99.22195
(647)	-99.09691
(648)	-98.97186
(649)	-98.84682
(650)	-98.72178
(651)	-98.59673
(652)	-98.47169
(653)	-98.34665
(654)	-98.2216
(655)	-98.09656
(656)	-97.97152
(657)	-97.84647
(658)	-97.72143
(659)	-97.59639
(660)	-97.47134
(661)	-97.3463
(662)	-97.22126
(663)	-97.09621
(664)	-96.97117
(665)	-96.84613
(666)	-96.72108
(667)	-96.59604
(668)	-96.471
(669)	-96.34595
(670)	-96.22091
(671)	-96.09586
(672)	-95.97083
(673)	-95.84578
(674)	-95.72073
(675)	-95.5957
(676)	-95.47065
(677)	-95.3456
(678)	-95.22057
(679)	-95.09552
(680)	-94.97047
(681)	-94.84544
(682)	-94.72039
(683)	-94.59534
(684)	-94.4703
(685)	-94.34526
(686)	-94.22021
(687)	-94.09517
(688)	-93.97013
(689)	-93.84509
(690)	-93.72004
(691)	-93.595
(692)	-93.46996
(693)	-93.34491
(694)	-93.21987
(695)	-93.09483
(696)	-92.96978
(697)	-92.84473
(698)	-92.7197
(699)	-92.59465
(700)	-92.4696
(701)	-92.34457
(702)	-92.21952
(703)	-92.09447
(704)	-91.96944
(705)	-91.84439
(706)	-91.71935
(707)	-91.59431
(708)	-91.46926
(709)	-91.34422
(710)	-91.21917
(711)	-91.09413
(712)	-90.96909
(713)	-90.84404
(714)	-90.719
(715)	-90.59396
(716)	-90.46891
(717)	-90.34387
(718)	-90.21883
(719)	-90.09378
(720)	-89.96874
(721)	-89.8437
(722)	-89.71865
(723)	-89.59361
(724)	-89.46857
(725)	-89.34352
(726)	-89.21848
(727)	-89.09344
(728)	-88.96839
(729)	-88.84335
(730)	-88.71831
(731)	-88.59326
(732)	-88.46822
(733)	-88.34318
(734)	-88.21813
(735)	-88.09309
(736)	-87.96805
(737)	-87.843
(738)	-87.71796
(739)	-87.59291
(740)	-87.46787
(741)	-87.34283
(742)	-87.21778
(743)	-87.09274
(744)	-86.9677
(745)	-86.84265
(746)	-86.71761
(747)	-86.59257
(748)	-86.46752
(749)	-86.34248
(750)	-86.21744
(751)	-86.09239
(752)	-85.96735
(753)	-85.84231
(754)	-85.71726
(755)	-85.59222
(756)	-85.46718
(757)	-85.34213
(758)	-85.21709
(759)	-85.09205
(760)	-84.967
(761)	-84.84196
(762)	-84.71692
(763)	-84.59187
(764)	-84.46683
(765)	-84.34178
(766)	-84.21674
(767)	-84.0917
(768)	-83.96665
(769)	-83.84161
(770)	-83.71657
(771)	-83.59152
(772)	-83.46648
(773)	-83.34144
(774)	-83.21639
(775)	-83.09135
(776)	-82.96631
(777)	-82.84126
(778)	-82.71622
(779)	-82.59118
(780)	-82.46613
(781)	-82.34109
(782)	-82.21605
(783)	-82.091
(784)	-81.96596
(785)	-81.84092
(786)	-81.71587
(787)	-81.59083
(788)	-81.46579
(789)	-81.34074
(790)	-81.2157
(791)	-81.09066
(792)	-80.96561
(793)	-80.84057
(794)	-80.71552
(795)	-80.59048
(796)	-80.46544
(797)	-80.34039
(798)	-80.21535
(799)	-80.09031
(800)	-79.96526
(801)	-79.84023
(802)	-79.71518
(803)	-79.59013
(804)	-79.4651
(805)	-79.34005
(806)	-79.215
(807)	-79.08996
(808)	-78.96492
(809)	-78.83987
(810)	-78.71483
(811)	-78.58979
(812)	-78.46474
(813)	-78.3397
(814)	-78.21466
(815)	-78.08961
(816)	-77.96457
(817)	-77.83953
(818)	-77.71449
(819)	-77.58944
(820)	-77.46439
(821)	-77.33936
(822)	-77.21431
(823)	-77.08926
(824)	-76.96423
(825)	-76.83918
(826)	-76.71413
(827)	-76.5891
(828)	-76.46405
(829)	-76.339
(830)	-76.21397
(831)	-76.08892
(832)	-75.96387
(833)	-75.83884
(834)	-75.71379
(835)	-75.58875
(836)	-75.4637
(837)	-75.33866
(838)	-75.21362
(839)	-75.08857
(840)	-74.96353
(841)	-74.83849
(842)	-74.71344
(843)	-74.5884
(844)	-74.46336
(845)	-74.33831
(846)	-74.21327
(847)	-74.08823
(848)	-73.96318
(849)	-73.83813
(850)	-73.7131
(851)	-73.58805
(852)	-73.46301
(853)	-73.33797
(854)	-73.21292
(855)	-73.08788
(856)	-72.96284
(857)	-72.83779
(858)	-72.71275
(859)	-72.58771
(860)	-72.46266
(861)	-72.33762
(862)	-72.21257
(863)	-72.08753
(864)	-71.96249
(865)	-71.83744
(866)	-71.7124
(867)	-71.58736
(868)	-71.46231
(869)	-71.33727
(870)	-71.21223
(871)	-71.08718
(872)	-70.96214
(873)	-70.8371
(874)	-70.71205
(875)	-70.58701
(876)	-70.46197
(877)	-70.33692
(878)	-70.21188
(879)	-70.08684
(880)	-69.96179
(881)	-69.83675
(882)	-69.71171
(883)	-69.58666
(884)	-69.46162
(885)	-69.33658
(886)	-69.21153
(887)	-69.08649
(888)	-68.96145
(889)	-68.8364
(890)	-68.71136
(891)	-68.58631
(892)	-68.46127
(893)	-68.33623
(894)	-68.21118
(895)	-68.08614
(896)	-67.9611
(897)	-67.83605
(898)	-67.71101
(899)	-67.58597
(900)	-67.46092
(901)	-67.33588
(902)	-67.21084
(903)	-67.08579
(904)	-66.96075
(905)	-66.83571
(906)	-66.71066
(907)	-66.58562
(908)	-66.46058
(909)	-66.33553
(910)	-66.21049
(911)	-66.08545
(912)	-65.9604
(913)	-65.83536
(914)	-65.71032
(915)	-65.58527
(916)	-65.46023
(917)	-65.33518
(918)	-65.21014
(919)	-65.0851
(920)	-64.96005
(921)	-64.83501
(922)	-64.70997
(923)	-64.58492
(924)	-64.45988
(925)	-64.33484
(926)	-64.20979
(927)	-64.08475
(928)	-63.95971
(929)	-63.83466
(930)	-63.70962
(931)	-63.58458
(932)	-63.45953
(933)	-63.33449
(934)	-63.20945
(935)	-63.0844
(936)	-62.95936
(937)	-62.83432
(938)	-62.70927
(939)	-62.58423
(940)	-62.45919
(941)	-62.33414
(942)	-62.2091
(943)	-62.08406
(944)	-61.95901
(945)	-61.83397
(946)	-61.70893
(947)	-61.58389
(948)	-61.45884
(949)	-61.3338
(950)	-61.20875
(951)	-61.08371
(952)	-60.95867
(953)	-60.83362
(954)	-60.70858
(955)	-60.58353
(956)	-60.45849
(957)	-60.33345
(958)	-60.2084
(959)	-60.08336
(960)	-59.95832
(961)	-59.83327
(962)	-59.70823
(963)	-59.58319
(964)	-59.45815
(965)	-59.3331
(966)	-59.20806
(967)	-59.08302
(968)	-58.95797
(969)	-58.83293
(970)	-58.70789
(971)	-58.58284
(972)	-58.4578
(973)	-58.33276
(974)	-58.20771
(975)	-58.08267
(976)	-57.95762
(977)	-57.83258
(978)	-57.70754
(979)	-57.58249
(980)	-57.45745
(981)	-57.33241
(982)	-57.20736
(983)	-57.08232
(984)	-56.95728
(985)	-56.83223
(986)	-56.70719
(987)	-56.58215
(988)	-56.4571
(989)	-56.33206
(990)	-56.20702
(991)	-56.08197
(992)	-55.95693
(993)	-55.83189
(994)	-55.70684
(995)	-55.5818
(996)	-55.45676
(997)	-55.33171
(998)	-55.20667
(999)	-55.08163
(1000)	-54.95658
(1001)	-54.83154
(1002)	-54.7065
(1003)	-54.58145
(1004)	-54.45641
(1005)	-54.33136
(1006)	-54.20632
(1007)	-54.08128
(1008)	-53.95623
(1009)	-53.83119
(1010)	-53.70615
(1011)	-53.5811
(1012)	-53.45606
(1013)	-53.33102
(1014)	-53.20597
(1015)	-53.08093
(1016)	-52.95589
(1017)	-52.83084
(1018)	-52.7058
(1019)	-52.58076
(1020)	-52.45572
(1021)	-52.33067
(1022)	-52.20563
(1023)	-52.08058
(1024)	-51.95554
(1025)	-51.8305
(1026)	-51.70545
(1027)	-51.58041
(1028)	-51.45537
(1029)	-51.33032
(1030)	-51.20528
(1031)	-51.08023
(1032)	-50.95519
(1033)	-50.83015
(1034)	-50.7051
(1035)	-50.58006
(1036)	-50.45502
(1037)	-50.32998
(1038)	-50.20493
(1039)	-50.07989
(1040)	-49.95485
(1041)	-49.8298
(1042)	-49.70476
(1043)	-49.57972
(1044)	-49.45467
(1045)	-49.32963
(1046)	-49.20459
(1047)	-49.07954
(1048)	-48.9545
(1049)	-48.82946
(1050)	-48.70441
(1051)	-48.57937
(1052)	-48.45432
(1053)	-48.32928
(1054)	-48.20424
(1055)	-48.07919
(1056)	-47.95415
(1057)	-47.82911
(1058)	-47.70406
(1059)	-47.57902
(1060)	-47.45398
(1061)	-47.32893
(1062)	-47.20389
(1063)	-47.07885
(1064)	-46.9538
(1065)	-46.82876
(1066)	-46.70372
(1067)	-46.57867
(1068)	-46.45363
(1069)	-46.32859
(1070)	-46.20354
(1071)	-46.0785
(1072)	-45.95346
(1073)	-45.82841
(1074)	-45.70337
(1075)	-45.57833
(1076)	-45.45328
(1077)	-45.32824
(1078)	-45.20319
(1079)	-45.07815
(1080)	-44.95311
(1081)	-44.82806
(1082)	-44.70302
(1083)	-44.57798
(1084)	-44.45293
(1085)	-44.32789
(1086)	-44.20285
(1087)	-44.0778
(1088)	-43.95276
(1089)	-43.82772
(1090)	-43.70267
(1091)	-43.57763
(1092)	-43.45259
(1093)	-43.32755
(1094)	-43.2025
(1095)	-43.07746
(1096)	-42.95242
(1097)	-42.82737
(1098)	-42.70233
(1099)	-42.57728
(1100)	-42.45224
(1101)	-42.3272
(1102)	-42.20215
(1103)	-42.07711
(1104)	-41.95207
(1105)	-41.82702
(1106)	-41.70198
(1107)	-41.57693
(1108)	-41.45189
(1109)	-41.32685
(1110)	-41.20181
(1111)	-41.07676
(1112)	-40.95172
(1113)	-40.82668
(1114)	-40.70163
(1115)	-40.57659
(1116)	-40.45155
(1117)	-40.3265
(1118)	-40.20146
(1119)	-40.07642
(1120)	-39.95137
(1121)	-39.82633
(1122)	-39.70129
(1123)	-39.57624
(1124)	-39.4512
(1125)	-39.32616
(1126)	-39.20111
(1127)	-39.07607
(1128)	-38.95102
(1129)	-38.82598
(1130)	-38.70094
(1131)	-38.57589
(1132)	-38.45085
(1133)	-38.32581
(1134)	-38.20076
(1135)	-38.07572
(1136)	-37.95068
(1137)	-37.82563
(1138)	-37.70059
(1139)	-37.57555
(1140)	-37.4505
(1141)	-37.32546
(1142)	-37.20042
(1143)	-37.07537
(1144)	-36.95033
(1145)	-36.82529
(1146)	-36.70024
(1147)	-36.5752
(1148)	-36.45016
(1149)	-36.32511
(1150)	-36.20007
(1151)	-36.07503
(1152)	-35.94998
(1153)	-35.82494
(1154)	-35.69989
(1155)	-35.57485
(1156)	-35.44981
(1157)	-35.32476
(1158)	-35.19972
(1159)	-35.07468
(1160)	-34.94963
(1161)	-34.82459
(1162)	-34.69955
(1163)	-34.5745
(1164)	-34.44946
(1165)	-34.32442
(1166)	-34.19938
(1167)	-34.07433
(1168)	-33.94929
(1169)	-33.82425
(1170)	-33.6992
(1171)	-33.57416
(1172)	-33.44912
(1173)	-33.32407
(1174)	-33.19903
(1175)	-33.07398
(1176)	-32.94894
(1177)	-32.8239
(1178)	-32.69885
(1179)	-32.57381
(1180)	-32.44877
(1181)	-32.32372
(1182)	-32.19868
(1183)	-32.07364
(1184)	-31.94859
(1185)	-31.82355
(1186)	-31.69851
(1187)	-31.57346
(1188)	-31.44842
(1189)	-31.32338
(1190)	-31.19833
(1191)	-31.07329
(1192)	-30.94825
(1193)	-30.8232
(1194)	-30.69816
(1195)	-30.57312
(1196)	-30.44807
(1197)	-30.32303
(1198)	-30.19798
(1199)	-30.07294
(1200)	-29.9479
(1201)	-29.82285
(1202)	-29.69781
(1203)	-29.57277
(1204)	-29.44773
(1205)	-29.32268
(1206)	-29.19764
(1207)	-29.0726
(1208)	-28.94755
(1209)	-28.82251
(1210)	-28.69746
(1211)	-28.57242
(1212)	-28.44738
(1213)	-28.32233
(1214)	-28.19729
(1215)	-28.07225
(1216)	-27.9472
(1217)	-27.82216
(1218)	-27.69712
(1219)	-27.57207
(1220)	-27.44703
(1221)	-27.32199
(1222)	-27.19694
(1223)	-27.0719
(1224)	-26.94686
(1225)	-26.82181
(1226)	-26.69677
(1227)	-26.57173
(1228)	-26.44668
(1229)	-26.32164
(1230)	-26.1966
(1231)	-26.07155
(1232)	-25.94651
(1233)	-25.82147
(1234)	-25.69642
(1235)	-25.57138
(1236)	-25.44633
(1237)	-25.32129
(1238)	-25.19625
(1239)	-25.07121
(1240)	-24.94616
(1241)	-24.82112
(1242)	-24.69608
(1243)	-24.57103
(1244)	-24.44599
(1245)	-24.32094
(1246)	-24.1959
(1247)	-24.07086
(1248)	-23.94581
(1249)	-23.82077
(1250)	-23.69573
(1251)	-23.57068
(1252)	-23.44564
(1253)	-23.3206
(1254)	-23.19555
(1255)	-23.07051
(1256)	-22.94547
(1257)	-22.82042
(1258)	-22.69538
(1259)	-22.57034
(1260)	-22.44529
(1261)	-22.32025
(1262)	-22.19521
(1263)	-22.07016
(1264)	-21.94512
(1265)	-21.82008
(1266)	-21.69503
(1267)	-21.56999
(1268)	-21.44495
(1269)	-21.3199
(1270)	-21.19486
(1271)	-21.06982
(1272)	-20.94477
(1273)	-20.81973
(1274)	-20.69468
(1275)	-20.56964
(1276)	-20.4446
(1277)	-20.31956
(1278)	-20.19451
(1279)	-20.06947
(1280)	-19.94443
(1281)	-19.81938
(1282)	-19.69434
(1283)	-19.56929
(1284)	-19.44425
(1285)	-19.31921
(1286)	-19.19416
(1287)	-19.06912
(1288)	-18.94408
(1289)	-18.81903
(1290)	-18.69399
(1291)	-18.56895
(1292)	-18.4439
(1293)	-18.31886
(1294)	-18.19382
(1295)	-18.06877
(1296)	-17.94373
(1297)	-17.81869
(1298)	-17.69364
(1299)	-17.5686
(1300)	-17.44356
(1301)	-17.31851
(1302)	-17.19347
(1303)	-17.06843
(1304)	-16.94338
(1305)	-16.81834
(1306)	-16.6933
(1307)	-16.56825
(1308)	-16.44321
(1309)	-16.31817
(1310)	-16.19312
(1311)	-16.06808
(1312)	-15.94304
(1313)	-15.81799
(1314)	-15.69295
(1315)	-15.56791
(1316)	-15.44286
(1317)	-15.31782
(1318)	-15.19278
(1319)	-15.06773
(1320)	-14.94269
(1321)	-14.81765
(1322)	-14.6926
(1323)	-14.56756
(1324)	-14.44251
(1325)	-14.31747
(1326)	-14.19243
(1327)	-14.06738
(1328)	-13.94234
(1329)	-13.8173
(1330)	-13.69225
(1331)	-13.56721
(1332)	-13.44217
(1333)	-13.31712
(1334)	-13.19208
(1335)	-13.06704
(1336)	-12.94199
(1337)	-12.81695
(1338)	-12.69191
(1339)	-12.56686
(1340)	-12.44182
(1341)	-12.31678
(1342)	-12.19173
(1343)	-12.06669
(1344)	-11.94165
(1345)	-11.8166
(1346)	-11.69156
(1347)	-11.56652
(1348)	-11.44147
(1349)	-11.31643
(1350)	-11.19139
(1351)	-11.06634
(1352)	-10.9413
(1353)	-10.81626
(1354)	-10.69121
(1355)	-10.56617
(1356)	-10.44112
(1357)	-10.31608
(1358)	-10.19104
(1359)	-10.066
(1360)	-9.940951
(1361)	-9.815908
(1362)	-9.690865
(1363)	-9.565822
(1364)	-9.440778
(1365)	-9.315735
(1366)	-9.190691
(1367)	-9.065648
(1368)	-8.940604
(1369)	-8.815561
(1370)	-8.690517
(1371)	-8.565475
(1372)	-8.440431
(1373)	-8.315388
(1374)	-8.190344
(1375)	-8.0653
(1376)	-7.940257
(1377)	-7.815214
(1378)	-7.69017
(1379)	-7.565127
(1380)	-7.440084
(1381)	-7.31504
(1382)	-7.189997
(1383)	-7.064953
(1384)	-6.939909
(1385)	-6.814866
(1386)	-6.689823
(1387)	-6.564779
(1388)	-6.439736
(1389)	-6.314692
(1390)	-6.189649
(1391)	-6.064606
(1392)	-5.939562
(1393)	-5.814519
(1394)	-5.689476
(1395)	-5.564432
(1396)	-5.439389
(1397)	-5.314345
(1398)	-5.189302
(1399)	-5.064259
(1400)	-4.939215
(1401)	-4.814172
(1402)	-4.689128
(1403)	-4.564085
(1404)	-4.439041
(1405)	-4.313998
(1406)	-4.188954
(1407)	-4.063911
(1408)	-3.938868
(1409)	-3.813824
(1410)	-3.688781
(1411)	-3.563737
(1412)	-3.438694
(1413)	-3.313651
(1414)	-3.188607
(1415)	-3.063564
(1416)	-2.93852
(1417)	-2.813477
(1418)	-2.688433
(1419)	-2.56339
(1420)	-2.438347
(1421)	-2.313303
(1422)	-2.18826
(1423)	-2.063216
(1424)	-1.938173
(1425)	-1.81313
(1426)	-1.688086
(1427)	-1.563043
(1428)	-1.437999
(1429)	-1.312956
(1430)	-1.187912
(1431)	-1.062869
(1432)	-0.9378256
(1433)	-0.8127822
(1434)	-0.6877388
(1435)	-0.5626954
(1436)	-0.437652
(1437)	-0.3126085
(1438)	-0.1875651
(1439)	-0.06252171
(1440)	0.06252171
(1441)	0.1875651
(1442)	0.3126085
(1443)	0.437652
(1444)	0.5626954
(1445)	0.6877388
(1446)	0.8127822
(1447)	0.9378256
(1448)	1.062869
(1449)	1.187912
(1450)	1.312956
(1451)	1.437999
(1452)	1.563043
(1453)	1.688086
(1454)	1.81313
(1455)	1.938173
(1456)	2.063216
(1457)	2.18826
(1458)	2.313303
(1459)	2.438347
(1460)	2.56339
(1461)	2.688433
(1462)	2.813477
(1463)	2.93852
(1464)	3.063564
(1465)	3.188607
(1466)	3.313651
(1467)	3.438694
(1468)	3.563737
(1469)	3.688781
(1470)	3.813824
(1471)	3.938868
(1472)	4.063911
(1473)	4.188954
(1474)	4.313998
(1475)	4.439041
(1476)	4.564085
(1477)	4.689128
(1478)	4.814172
(1479)	4.939215
(1480)	5.064259
(1481)	5.189302
(1482)	5.314345
(1483)	5.439389
(1484)	5.564432
(1485)	5.689476
(1486)	5.814519
(1487)	5.939562
(1488)	6.064606
(1489)	6.189649
(1490)	6.314692
(1491)	6.439736
(1492)	6.564779
(1493)	6.689823
(1494)	6.814866
(1495)	6.939909
(1496)	7.064953
(1497)	7.189997
(1498)	7.31504
(1499)	7.440084
(1500)	7.565127
(1501)	7.69017
(1502)	7.815214
(1503)	7.940257
(1504)	8.0653
(1505)	8.190344
(1506)	8.315388
(1507)	8.440431
(1508)	8.565475
(1509)	8.690517
(1510)	8.815561
(1511)	8.940604
(1512)	9.065648
(1513)	9.190691
(1514)	9.315735
(1515)	9.440778
(1516)	9.565822
(1517)	9.690865
(1518)	9.815908
(1519)	9.940951
(1520)	10.066
(1521)	10.19104
(1522)	10.31608
(1523)	10.44112
(1524)	10.56617
(1525)	10.69121
(1526)	10.81626
(1527)	10.9413
(1528)	11.06634
(1529)	11.19139
(1530)	11.31643
(1531)	11.44147
(1532)	11.56652
(1533)	11.69156
(1534)	11.8166
(1535)	11.94165
(1536)	12.06669
(1537)	12.19173
(1538)	12.31678
(1539)	12.44182
(1540)	12.56686
(1541)	12.69191
(1542)	12.81695
(1543)	12.94199
(1544)	13.06704
(1545)	13.19208
(1546)	13.31712
(1547)	13.44217
(1548)	13.56721
(1549)	13.69225
(1550)	13.8173
(1551)	13.94234
(1552)	14.06738
(1553)	14.19243
(1554)	14.31747
(1555)	14.44251
(1556)	14.56756
(1557)	14.6926
(1558)	14.81765
(1559)	14.94269
(1560)	15.06773
(1561)	15.19278
(1562)	15.31782
(1563)	15.44286
(1564)	15.56791
(1565)	15.69295
(1566)	15.81799
(1567)	15.94304
(1568)	16.06808
(1569)	16.19312
(1570)	16.31817
(1571)	16.44321
(1572)	16.56825
(1573)	16.6933
(1574)	16.81834
(1575)	16.94338
(1576)	17.06843
(1577)	17.19347
(1578)	17.31851
(1579)	17.44356
(1580)	17.5686
(1581)	17.69364
(1582)	17.81869
(1583)	17.94373
(1584)	18.06877
(1585)	18.19382
(1586)	18.31886
(1587)	18.4439
(1588)	18.56895
(1589)	18.69399
(1590)	18.81903
(1591)	18.94408
(1592)	19.06912
(1593)	19.19416
(1594)	19.31921
(1595)	19.44425
(1596)	19.56929
(1597)	19.69434
(1598)	19.81938
(1599)	19.94443
(1600)	20.06947
(1601)	20.19451
(1602)	20.31956
(1603)	20.4446
(1604)	20.56964
(1605)	20.69468
(1606)	20.81973
(1607)	20.94477
(1608)	21.06982
(1609)	21.19486
(1610)	21.3199
(1611)	21.44495
(1612)	21.56999
(1613)	21.69503
(1614)	21.82008
(1615)	21.94512
(1616)	22.07016
(1617)	22.19521
(1618)	22.32025
(1619)	22.44529
(1620)	22.57034
(1621)	22.69538
(1622)	22.82042
(1623)	22.94547
(1624)	23.07051
(1625)	23.19555
(1626)	23.3206
(1627)	23.44564
(1628)	23.57068
(1629)	23.69573
(1630)	23.82077
(1631)	23.94581
(1632)	24.07086
(1633)	24.1959
(1634)	24.32094
(1635)	24.44599
(1636)	24.57103
(1637)	24.69608
(1638)	24.82112
(1639)	24.94616
(1640)	25.07121
(1641)	25.19625
(1642)	25.32129
(1643)	25.44633
(1644)	25.57138
(1645)	25.69642
(1646)	25.82147
(1647)	25.94651
(1648)	26.07155
(1649)	26.1966
(1650)	26.32164
(1651)	26.44668
(1652)	26.57173
(1653)	26.69677
(1654)	26.82181
(1655)	26.94686
(1656)	27.0719
(1657)	27.19694
(1658)	27.32199
(1659)	27.44703
(1660)	27.57207
(1661)	27.69712
(1662)	27.82216
(1663)	27.9472
(1664)	28.07225
(1665)	28.19729
(1666)	28.32233
(1667)	28.44738
(1668)	28.57242
(1669)	28.69746
(1670)	28.82251
(1671)	28.94755
(1672)	29.0726
(1673)	29.19764
(1674)	29.32268
(1675)	29.44773
(1676)	29.57277
(1677)	29.69781
(1678)	29.82285
(1679)	29.9479
(1680)	30.07294
(1681)	30.19798
(1682)	30.32303
(1683)	30.44807
(1684)	30.57312
(1685)	30.69816
(1686)	30.8232
(1687)	30.94825
(1688)	31.07329
(1689)	31.19833
(1690)	31.32338
(1691)	31.44842
(1692)	31.57346
(1693)	31.69851
(1694)	31.82355
(1695)	31.94859
(1696)	32.07364
(1697)	32.19868
(1698)	32.32372
(1699)	32.44877
(1700)	32.57381
(1701)	32.69885
(1702)	32.8239
(1703)	32.94894
(1704)	33.07398
(1705)	33.19903
(1706)	33.32407
(1707)	33.44912
(1708)	33.57416
(1709)	33.6992
(1710)	33.82425
(1711)	33.94929
(1712)	34.07433
(1713)	34.19938
(1714)	34.32442
(1715)	34.44946
(1716)	34.5745
(1717)	34.69955
(1718)	34.82459
(1719)	34.94963
(1720)	35.07468
(1721)	35.19972
(1722)	35.32476
(1723)	35.44981
(1724)	35.57485
(1725)	35.69989
(1726)	35.82494
(1727)	35.94998
(1728)	36.07503
(1729)	36.20007
(1730)	36.32511
(1731)	36.45016
(1732)	36.5752
(1733)	36.70024
(1734)	36.82529
(1735)	36.95033
(1736)	37.07537
(1737)	37.20042
(1738)	37.32546
(1739)	37.4505
(1740)	37.57555
(1741)	37.70059
(1742)	37.82563
(1743)	37.95068
(1744)	38.07572
(1745)	38.20076
(1746)	38.32581
(1747)	38.45085
(1748)	38.57589
(1749)	38.70094
(1750)	38.82598
(1751)	38.95102
(1752)	39.07607
(1753)	39.20111
(1754)	39.32616
(1755)	39.4512
(1756)	39.57624
(1757)	39.70129
(1758)	39.82633
(1759)	39.95137
(1760)	40.07642
(1761)	40.20146
(1762)	40.3265
(1763)	40.45155
(1764)	40.57659
(1765)	40.70163
(1766)	40.82668
(1767)	40.95172
(1768)	41.07676
(1769)	41.20181
(1770)	41.32685
(1771)	41.45189
(1772)	41.57693
(1773)	41.70198
(1774)	41.82702
(1775)	41.95207
(1776)	42.07711
(1777)	42.20215
(1778)	42.3272
(1779)	42.45224
(1780)	42.57728
(1781)	42.70233
(1782)	42.82737
(1783)	42.95242
(1784)	43.07746
(1785)	43.2025
(1786)	43.32755
(1787)	43.45259
(1788)	43.57763
(1789)	43.70267
(1790)	43.82772
(1791)	43.95276
(1792)	44.0778
(1793)	44.20285
(1794)	44.32789
(1795)	44.45293
(1796)	44.57798
(1797)	44.70302
(1798)	44.82806
(1799)	44.95311
(1800)	45.07815
(1801)	45.20319
(1802)	45.32824
(1803)	45.45328
(1804)	45.57833
(1805)	45.70337
(1806)	45.82841
(1807)	45.95346
(1808)	46.0785
(1809)	46.20354
(1810)	46.32859
(1811)	46.45363
(1812)	46.57867
(1813)	46.70372
(1814)	46.82876
(1815)	46.9538
(1816)	47.07885
(1817)	47.20389
(1818)	47.32893
(1819)	47.45398
(1820)	47.57902
(1821)	47.70406
(1822)	47.82911
(1823)	47.95415
(1824)	48.07919
(1825)	48.20424
(1826)	48.32928
(1827)	48.45432
(1828)	48.57937
(1829)	48.70441
(1830)	48.82946
(1831)	48.9545
(1832)	49.07954
(1833)	49.20459
(1834)	49.32963
(1835)	49.45467
(1836)	49.57972
(1837)	49.70476
(1838)	49.8298
(1839)	49.95485
(1840)	50.07989
(1841)	50.20493
(1842)	50.32998
(1843)	50.45502
(1844)	50.58006
(1845)	50.7051
(1846)	50.83015
(1847)	50.95519
(1848)	51.08023
(1849)	51.20528
(1850)	51.33032
(1851)	51.45537
(1852)	51.58041
(1853)	51.70545
(1854)	51.8305
(1855)	51.95554
(1856)	52.08058
(1857)	52.20563
(1858)	52.33067
(1859)	52.45572
(1860)	52.58076
(1861)	52.7058
(1862)	52.83084
(1863)	52.95589
(1864)	53.08093
(1865)	53.20597
(1866)	53.33102
(1867)	53.45606
(1868)	53.5811
(1869)	53.70615
(1870)	53.83119
(1871)	53.95623
(1872)	54.08128
(1873)	54.20632
(1874)	54.33136
(1875)	54.45641
(1876)	54.58145
(1877)	54.7065
(1878)	54.83154
(1879)	54.95658
(1880)	55.08163
(1881)	55.20667
(1882)	55.33171
(1883)	55.45676
(1884)	55.5818
(1885)	55.70684
(1886)	55.83189
(1887)	55.95693
(1888)	56.08197
(1889)	56.20702
(1890)	56.33206
(1891)	56.4571
(1892)	56.58215
(1893)	56.70719
(1894)	56.83223
(1895)	56.95728
(1896)	57.08232
(1897)	57.20736
(1898)	57.33241
(1899)	57.45745
(1900)	57.58249
(1901)	57.70754
(1902)	57.83258
(1903)	57.95762
(1904)	58.08267
(1905)	58.20771
(1906)	58.33276
(1907)	58.4578
(1908)	58.58284
(1909)	58.70789
(1910)	58.83293
(1911)	58.95797
(1912)	59.08302
(1913)	59.20806
(1914)	59.3331
(1915)	59.45815
(1916)	59.58319
(1917)	59.70823
(1918)	59.83327
(1919)	59.95832
(1920)	60.08336
(1921)	60.2084
(1922)	60.33345
(1923)	60.45849
(1924)	60.58353
(1925)	60.70858
(1926)	60.83362
(1927)	60.95867
(1928)	61.08371
(1929)	61.20875
(1930)	61.3338
(1931)	61.45884
(1932)	61.58389
(1933)	61.70893
(1934)	61.83397
(1935)	61.95901
(1936)	62.08406
(1937)	62.2091
(1938)	62.33414
(1939)	62.45919
(1940)	62.58423
(1941)	62.70927
(1942)	62.83432
(1943)	62.95936
(1944)	63.0844
(1945)	63.20945
(1946)	63.33449
(1947)	63.45953
(1948)	63.58458
(1949)	63.70962
(1950)	63.83466
(1951)	63.95971
(1952)	64.08475
(1953)	64.20979
(1954)	64.33484
(1955)	64.45988
(1956)	64.58492
(1957)	64.70997
(1958)	64.83501
(1959)	64.96005
(1960)	65.0851
(1961)	65.21014
(1962)	65.33518
(1963)	65.46023
(1964)	65.58527
(1965)	65.71032
(1966)	65.83536
(1967)	65.9604
(1968)	66.08545
(1969)	66.21049
(1970)	66.33553
(1971)	66.46058
(1972)	66.58562
(1973)	66.71066
(1974)	66.83571
(1975)	66.96075
(1976)	67.08579
(1977)	67.21084
(1978)	67.33588
(1979)	67.46092
(1980)	67.58597
(1981)	67.71101
(1982)	67.83605
(1983)	67.9611
(1984)	68.08614
(1985)	68.21118
(1986)	68.33623
(1987)	68.46127
(1988)	68.58631
(1989)	68.71136
(1990)	68.8364
(1991)	68.96145
(1992)	69.08649
(1993)	69.21153
(1994)	69.33658
(1995)	69.46162
(1996)	69.58666
(1997)	69.71171
(1998)	69.83675
(1999)	69.96179
(2000)	70.08684
(2001)	70.21188
(2002)	70.33692
(2003)	70.46197
(2004)	70.58701
(2005)	70.71205
(2006)	70.8371
(2007)	70.96214
(2008)	71.08718
(2009)	71.21223
(2010)	71.33727
(2011)	71.46231
(2012)	71.58736
(2013)	71.7124
(2014)	71.83744
(2015)	71.96249
(2016)	72.08753
(2017)	72.21257
(2018)	72.33762
(2019)	72.46266
(2020)	72.58771
(2021)	72.71275
(2022)	72.83779
(2023)	72.96284
(2024)	73.08788
(2025)	73.21292
(2026)	73.33797
(2027)	73.46301
(2028)	73.58805
(2029)	73.7131
(2030)	73.83813
(2031)	73.96318
(2032)	74.08823
(2033)	74.21327
(2034)	74.33831
(2035)	74.46336
(2036)	74.5884
(2037)	74.71344
(2038)	74.83849
(2039)	74.96353
(2040)	75.08857
(2041)	75.21362
(2042)	75.33866
(2043)	75.4637
(2044)	75.58875
(2045)	75.71379
(2046)	75.83884
(2047)	75.96387
(2048)	76.08892
(2049)	76.21397
(2050)	76.339
(2051)	76.46405
(2052)	76.5891
(2053)	76.71413
(2054)	76.83918
(2055)	76.96423
(2056)	77.08926
(2057)	77.21431
(2058)	77.33936
(2059)	77.46439
(2060)	77.58944
(2061)	77.71449
(2062)	77.83953
(2063)	77.96457
(2064)	78.08961
(2065)	78.21466
(2066)	78.3397
(2067)	78.46474
(2068)	78.58979
(2069)	78.71483
(2070)	78.83987
(2071)	78.96492
(2072)	79.08996
(2073)	79.215
(2074)	79.34005
(2075)	79.4651
(2076)	79.59013
(2077)	79.71518
(2078)	79.84023
(2079)	79.96526
(2080)	80.09031
(2081)	80.21535
(2082)	80.34039
(2083)	80.46544
(2084)	80.59048
(2085)	80.71552
(2086)	80.84057
(2087)	80.96561
(2088)	81.09066
(2089)	81.2157
(2090)	81.34074
(2091)	81.46579
(2092)	81.59083
(2093)	81.71587
(2094)	81.84092
(2095)	81.96596
(2096)	82.091
(2097)	82.21605
(2098)	82.34109
(2099)	82.46613
(2100)	82.59118
(2101)	82.71622
(2102)	82.84126
(2103)	82.96631
(2104)	83.09135
(2105)	83.21639
(2106)	83.34144
(2107)	83.46648
(2108)	83.59152
(2109)	83.71657
(2110)	83.84161
(2111)	83.96665
(2112)	84.0917
(2113)	84.21674
(2114)	84.34178
(2115)	84.46683
(2116)	84.59187
(2117)	84.71692
(2118)	84.84196
(2119)	84.967
(2120)	85.09205
(2121)	85.21709
(2122)	85.34213
(2123)	85.46718
(2124)	85.59222
(2125)	85.71726
(2126)	85.84231
(2127)	85.96735
(2128)	86.09239
(2129)	86.21744
(2130)	86.34248
(2131)	86.46752
(2132)	86.59257
(2133)	86.71761
(2134)	86.84265
(2135)	86.9677
(2136)	87.09274
(2137)	87.21778
(2138)	87.34283
(2139)	87.46787
(2140)	87.59291
(2141)	87.71796
(2142)	87.843
(2143)	87.96805
(2144)	88.09309
(2145)	88.21813
(2146)	88.34318
(2147)	88.46822
(2148)	88.59326
(2149)	88.71831
(2150)	88.84335
(2151)	88.96839
(2152)	89.09344
(2153)	89.21848
(2154)	89.34352
(2155)	89.46857
(2156)	89.59361
(2157)	89.71865
(2158)	89.8437
(2159)	89.96874
(2160)	90.09378
(2161)	90.21883
(2162)	90.34387
(2163)	90.46891
(2164)	90.59396
(2165)	90.719
(2166)	90.84404
(2167)	90.96909
(2168)	91.09413
(2169)	91.21917
(2170)	91.34422
(2171)	91.46926
(2172)	91.59431
(2173)	91.71935
(2174)	91.84439
(2175)	91.96944
(2176)	92.09447
(2177)	92.21952
(2178)	92.34457
(2179)	92.4696
(2180)	92.59465
(2181)	92.7197
(2182)	92.84473
(2183)	92.96978
(2184)	93.09483
(2185)	93.21987
(2186)	93.34491
(2187)	93.46996
(2188)	93.595
(2189)	93.72004
(2190)	93.84509
(2191)	93.97013
(2192)	94.09517
(2193)	94.22021
(2194)	94.34526
(2195)	94.4703
(2196)	94.59534
(2197)	94.72039
(2198)	94.84544
(2199)	94.97047
(2200)	95.09552
(2201)	95.22057
(2202)	95.3456
(2203)	95.47065
(2204)	95.5957
(2205)	95.72073
(2206)	95.84578
(2207)	95.97083
(2208)	96.09586
(2209)	96.22091
(2210)	96.34595
(2211)	96.471
(2212)	96.59604
(2213)	96.72108
(2214)	96.84613
(2215)	96.97117
(2216)	97.09621
(2217)	97.22126
(2218)	97.3463
(2219)	97.47134
(2220)	97.59639
(2221)	97.72143
(2222)	97.84647
(2223)	97.97152
(2224)	98.09656
(2225)	98.2216
(2226)	98.34665
(2227)	98.47169
(2228)	98.59673
(2229)	98.72178
(2230)	98.84682
(2231)	98.97186
(2232)	99.09691
(2233)	99.22195
(2234)	99.34699
(2235)	99.47204
(2236)	99.59708
(2237)	99.72212
(2238)	99.84717
(2239)	99.97221
(2240)	100.0973
(2241)	100.2223
(2242)	100.3473
(2243)	100.4724
(2244)	100.5974
(2245)	100.7225
(2246)	100.8475
(2247)	100.9726
(2248)	101.0976
(2249)	101.2226
(2250)	101.3477
(2251)	101.4727
(2252)	101.5978
(2253)	101.7228
(2254)	101.8479
(2255)	101.9729
(2256)	102.098
(2257)	102.223
(2258)	102.348
(2259)	102.4731
(2260)	102.5981
(2261)	102.7232
(2262)	102.8482
(2263)	102.9733
(2264)	103.0983
(2265)	103.2233
(2266)	103.3484
(2267)	103.4734
(2268)	103.5985
(2269)	103.7235
(2270)	103.8486
(2271)	103.9736
(2272)	104.0986
(2273)	104.2237
(2274)	104.3487
(2275)	104.4738
(2276)	104.5988
(2277)	104.7239
(2278)	104.8489
(2279)	104.9739
(2280)	105.099
(2281)	105.224
(2282)	105.3491
(2283)	105.4741
(2284)	105.5992
(2285)	105.7242
(2286)	105.8493
(2287)	105.9743
(2288)	106.0993
(2289)	106.2244
(2290)	106.3494
(2291)	106.4745
(2292)	106.5995
(2293)	106.7246
(2294)	106.8496
(2295)	106.9746
(2296)	107.0997
(2297)	107.2247
(2298)	107.3498
(2299)	107.4748
(2300)	107.5999
(2301)	107.7249
(2302)	107.8499
(2303)	107.975
(2304)	108.1
(2305)	108.2251
(2306)	108.3501
(2307)	108.4752
(2308)	108.6002
(2309)	108.7253
(2310)	108.8503
(2311)	108.9753
(2312)	109.1004
(2313)	109.2254
(2314)	109.3505
(2315)	109.4755
(2316)	109.6006
(2317)	109.7256
(2318)	109.8506
(2319)	109.9757
(2320)	110.1007
(2321)	110.2258
(2322)	110.3508
(2323)	110.4759
(2324)	110.6009
(2325)	110.7259
(2326)	110.851
(2327)	110.976
(2328)	111.1011
(2329)	111.2261
(2330)	111.3512
(2331)	111.4762
(2332)	111.6012
(2333)	111.7263
(2334)	111.8513
(2335)	111.9764
(2336)	112.1014
(2337)	112.2265
(2338)	112.3515
(2339)	112.4766
(2340)	112.6016
(2341)	112.7266
(2342)	112.8517
(2343)	112.9767
(2344)	113.1018
(2345)	113.2268
(2346)	113.3519
(2347)	113.4769
(2348)	113.6019
(2349)	113.727
(2350)	113.852
(2351)	113.9771
(2352)	114.1021
(2353)	114.2272
(2354)	114.3522
(2355)	114.4772
(2356)	114.6023
(2357)	114.7273
(2358)	114.8524
(2359)	114.9774
(2360)	115.1025
(2361)	115.2275
(2362)	115.3526
(2363)	115.4776
(2364)	115.6026
(2365)	115.7277
(2366)	115.8527
(2367)	115.9778
(2368)	116.1028
(2369)	116.2279
(2370)	116.3529
(2371)	116.4779
(2372)	116.603
(2373)	116.728
(2374)	116.8531
(2375)	116.9781
(2376)	117.1032
(2377)	117.2282
(2378)	117.3532
(2379)	117.4783
(2380)	117.6033
(2381)	117.7284
(2382)	117.8534
(2383)	117.9785
(2384)	118.1035
(2385)	118.2286
(2386)	118.3536
(2387)	118.4786
(2388)	118.6037
(2389)	118.7287
(2390)	118.8538
(2391)	118.9788
(2392)	119.1039
(2393)	119.2289
(2394)	119.3539
(2395)	119.479
(2396)	119.604
(2397)	119.7291
(2398)	119.8541
(2399)	119.9792
(2400)	120.1042
(2401)	120.2292
(2402)	120.3543
(2403)	120.4793
(2404)	120.6044
(2405)	120.7294
(2406)	120.8545
(2407)	120.9795
(2408)	121.1046
(2409)	121.2296
(2410)	121.3546
(2411)	121.4797
(2412)	121.6047
(2413)	121.7298
(2414)	121.8548
(2415)	121.9799
(2416)	122.1049
(2417)	122.2299
(2418)	122.355
(2419)	122.48
(2420)	122.6051
(2421)	122.7301
(2422)	122.8552
(2423)	122.9802
(2424)	123.1052
(2425)	123.2303
(2426)	123.3553
(2427)	123.4804
(2428)	123.6054
(2429)	123.7305
(2430)	123.8555
(2431)	123.9805
(2432)	124.1056
(2433)	124.2306
(2434)	124.3557
(2435)	124.4807
(2436)	124.6058
(2437)	124.7308
(2438)	124.8559
(2439)	124.9809
(2440)	125.1059
(2441)	125.231
(2442)	125.356
(2443)	125.4811
(2444)	125.6061
(2445)	125.7312
(2446)	125.8562
(2447)	125.9812
(2448)	126.1063
(2449)	126.2313
(2450)	126.3564
(2451)	126.4814
(2452)	126.6065
(2453)	126.7315
(2454)	126.8565
(2455)	126.9816
(2456)	127.1066
(2457)	127.2317
(2458)	127.3567
(2459)	127.4818
(2460)	127.6068
(2461)	127.7318
(2462)	127.8569
(2463)	127.9819
(2464)	128.107
(2465)	128.232
(2466)	128.3571
(2467)	128.4821
(2468)	128.6072
(2469)	128.7322
(2470)	128.8572
(2471)	128.9823
(2472)	129.1073
(2473)	129.2324
(2474)	129.3574
(2475)	129.4825
(2476)	129.6075
(2477)	129.7325
(2478)	129.8576
(2479)	129.9826
(2480)	130.1077
(2481)	130.2327
(2482)	130.3578
(2483)	130.4828
(2484)	130.6078
(2485)	130.7329
(2486)	130.8579
(2487)	130.983
(2488)	131.108
(2489)	131.2331
(2490)	131.3581
(2491)	131.4832
(2492)	131.6082
(2493)	131.7332
(2494)	131.8583
(2495)	131.9833
(2496)	132.1084
(2497)	132.2334
(2498)	132.3585
(2499)	132.4835
(2500)	132.6086
(2501)	132.7336
(2502)	132.8586
(2503)	132.9837
(2504)	133.1087
(2505)	133.2338
(2506)	133.3588
(2507)	133.4838
(2508)	133.6089
(2509)	133.7339
(2510)	133.859
(2511)	133.984
(2512)	134.1091
(2513)	134.2341
(2514)	134.3591
(2515)	134.4842
(2516)	134.6092
(2517)	134.7343
(2518)	134.8593
(2519)	134.9844
(2520)	135.1094
(2521)	135.2345
(2522)	135.3595
(2523)	135.4845
(2524)	135.6096
(2525)	135.7346
(2526)	135.8597
(2527)	135.9847
(2528)	136.1098
(2529)	136.2348
(2530)	136.3598
(2531)	136.4849
(2532)	136.6099
(2533)	136.735
(2534)	136.86
(2535)	136.9851
(2536)	137.1101
(2537)	137.2352
(2538)	137.3602
(2539)	137.4852
(2540)	137.6103
(2541)	137.7353
(2542)	137.8604
(2543)	137.9854
(2544)	138.1105
(2545)	138.2355
(2546)	138.3605
(2547)	138.4856
(2548)	138.6106
(2549)	138.7357
(2550)	138.8607
(2551)	138.9858
(2552)	139.1108
(2553)	139.2358
(2554)	139.3609
(2555)	139.4859
(2556)	139.611
(2557)	139.736
(2558)	139.8611
(2559)	139.9861
(2560)	140.1111
(2561)	140.2362
(2562)	140.3612
(2563)	140.4863
(2564)	140.6113
(2565)	140.7364
(2566)	140.8614
(2567)	140.9865
(2568)	141.1115
(2569)	141.2365
(2570)	141.3616
(2571)	141.4866
(2572)	141.6117
(2573)	141.7367
(2574)	141.8618
(2575)	141.9868
(2576)	142.1118
(2577)	142.2369
(2578)	142.3619
(2579)	142.487
(2580)	142.612
(2581)	142.7371
(2582)	142.8621
(2583)	142.9872
(2584)	143.1122
(2585)	143.2372
(2586)	143.3623
(2587)	143.4873
(2588)	143.6124
(2589)	143.7374
(2590)	143.8625
(2591)	143.9875
(2592)	144.1125
(2593)	144.2376
(2594)	144.3626
(2595)	144.4877
(2596)	144.6127
(2597)	144.7378
(2598)	144.8628
(2599)	144.9878
(2600)	145.1129
(2601)	145.2379
(2602)	145.363
(2603)	145.488
(2604)	145.6131
(2605)	145.7381
(2606)	145.8631
(2607)	145.9882
(2608)	146.1132
(2609)	146.2383
(2610)	146.3633
(2611)	146.4884
(2612)	146.6134
(2613)	146.7384
(2614)	146.8635
(2615)	146.9885
(2616)	147.1136
(2617)	147.2386
(2618)	147.3637
(2619)	147.4887
(2620)	147.6138
(2621)	147.7388
(2622)	147.8638
(2623)	147.9889
(2624)	148.1139
(2625)	148.239
(2626)	148.364
(2627)	148.4891
(2628)	148.6141
(2629)	148.7392
(2630)	148.8642
(2631)	148.9892
(2632)	149.1143
(2633)	149.2393
(2634)	149.3644
(2635)	149.4894
(2636)	149.6145
(2637)	149.7395
(2638)	149.8645
(2639)	149.9896
(2640)	150.1146
(2641)	150.2397
(2642)	150.3647
(2643)	150.4897
(2644)	150.6148
(2645)	150.7398
(2646)	150.8649
(2647)	150.9899
(2648)	151.115
(2649)	151.24
(2650)	151.3651
(2651)	151.4901
(2652)	151.6151
(2653)	151.7402
(2654)	151.8652
(2655)	151.9903
(2656)	152.1153
(2657)	152.2404
(2658)	152.3654
(2659)	152.4904
(2660)	152.6155
(2661)	152.7405
(2662)	152.8656
(2663)	152.9906
(2664)	153.1157
(2665)	153.2407
(2666)	153.3658
(2667)	153.4908
(2668)	153.6158
(2669)	153.7409
(2670)	153.8659
(2671)	153.991
(2672)	154.116
(2673)	154.2411
(2674)	154.3661
(2675)	154.4911
(2676)	154.6162
(2677)	154.7412
(2678)	154.8663
(2679)	154.9913
(2680)	155.1164
(2681)	155.2414
(2682)	155.3664
(2683)	155.4915
(2684)	155.6165
(2685)	155.7416
(2686)	155.8666
(2687)	155.9917
(2688)	156.1167
(2689)	156.2417
(2690)	156.3668
(2691)	156.4918
(2692)	156.6169
(2693)	156.7419
(2694)	156.867
(2695)	156.992
(2696)	157.1171
(2697)	157.2421
(2698)	157.3671
(2699)	157.4922
(2700)	157.6172
(2701)	157.7423
(2702)	157.8673
(2703)	157.9924
(2704)	158.1174
(2705)	158.2424
(2706)	158.3675
(2707)	158.4925
(2708)	158.6176
(2709)	158.7426
(2710)	158.8677
(2711)	158.9927
(2712)	159.1178
(2713)	159.2428
(2714)	159.3678
(2715)	159.4929
(2716)	159.6179
(2717)	159.743
(2718)	159.868
(2719)	159.9931
(2720)	160.1181
(2721)	160.2431
(2722)	160.3682
(2723)	160.4932
(2724)	160.6183
(2725)	160.7433
(2726)	160.8684
(2727)	160.9934
(2728)	161.1184
(2729)	161.2435
(2730)	161.3685
(2731)	161.4936
(2732)	161.6186
(2733)	161.7437
(2734)	161.8687
(2735)	161.9937
(2736)	162.1188
(2737)	162.2438
(2738)	162.3689
(2739)	162.4939
(2740)	162.619
(2741)	162.744
(2742)	162.869
(2743)	162.9941
(2744)	163.1191
(2745)	163.2442
(2746)	163.3692
(2747)	163.4943
(2748)	163.6193
(2749)	163.7444
(2750)	163.8694
(2751)	163.9944
(2752)	164.1195
(2753)	164.2445
(2754)	164.3696
(2755)	164.4946
(2756)	164.6197
(2757)	164.7447
(2758)	164.8698
(2759)	164.9948
(2760)	165.1198
(2761)	165.2449
(2762)	165.3699
(2763)	165.495
(2764)	165.62
(2765)	165.7451
(2766)	165.8701
(2767)	165.9951
(2768)	166.1202
(2769)	166.2452
(2770)	166.3703
(2771)	166.4953
(2772)	166.6204
(2773)	166.7454
(2774)	166.8704
(2775)	166.9955
(2776)	167.1205
(2777)	167.2456
(2778)	167.3706
(2779)	167.4957
(2780)	167.6207
(2781)	167.7457
(2782)	167.8708
(2783)	167.9958
(2784)	168.1209
(2785)	168.2459
(2786)	168.371
(2787)	168.496
(2788)	168.621
(2789)	168.7461
(2790)	168.8711
(2791)	168.9962
(2792)	169.1212
(2793)	169.2463
(2794)	169.3713
(2795)	169.4964
(2796)	169.6214
(2797)	169.7464
(2798)	169.8715
(2799)	169.9965
(2800)	170.1216
(2801)	170.2466
(2802)	170.3717
(2803)	170.4967
(2804)	170.6217
(2805)	170.7468
(2806)	170.8718
(2807)	170.9969
(2808)	171.1219
(2809)	171.247
(2810)	171.372
(2811)	171.4971
(2812)	171.6221
(2813)	171.7471
(2814)	171.8722
(2815)	171.9972
(2816)	172.1223
(2817)	172.2473
(2818)	172.3723
(2819)	172.4974
(2820)	172.6224
(2821)	172.7475
(2822)	172.8725
(2823)	172.9976
(2824)	173.1226
(2825)	173.2477
(2826)	173.3727
(2827)	173.4977
(2828)	173.6228
(2829)	173.7478
(2830)	173.8729
(2831)	173.9979
(2832)	174.123
(2833)	174.248
(2834)	174.373
(2835)	174.4981
(2836)	174.6231
(2837)	174.7482
(2838)	174.8732
(2839)	174.9983
(2840)	175.1233
(2841)	175.2484
(2842)	175.3734
(2843)	175.4984
(2844)	175.6235
(2845)	175.7485
(2846)	175.8736
(2847)	175.9986
(2848)	176.1237
(2849)	176.2487
(2850)	176.3737
(2851)	176.4988
(2852)	176.6238
(2853)	176.7489
(2854)	176.8739
(2855)	176.999
(2856)	177.124
(2857)	177.249
(2858)	177.3741
(2859)	177.4991
(2860)	177.6242
(2861)	177.7492
(2862)	177.8743
(2863)	177.9993
(2864)	178.1243
(2865)	178.2494
(2866)	178.3744
(2867)	178.4995
(2868)	178.6245
(2869)	178.7496
(2870)	178.8746
(2871)	178.9996
(2872)	179.1247
(2873)	179.2497
(2874)	179.3748
(2875)	179.4998
(2876)	179.6249
(2877)	179.7499
(2878)	179.875
(2879)	180
